Trial #9-------------------------

     A1    A2    A3    B1    B2    B3    C1    C2    C3    

A1   95    95    42    53    62    38    36    50    45    
     94    95    42    53    62    38    36    50    45    
     94    95    42    53    62    38    36    50    45    
     94    95    42    53    62    38    36    50    45    

bg   19    25    24    23    32    30    32    47    43    
     19    25    24    23    32    30    32    47    43    
     19    25    24    22    32    30    32    47    43    
     19    25    24    22    32    29    32    47    43    

A2   65    135   90    42    76    53    35    51    46    
     65    135   89    42    76    53    35    51    46    
     65    135   89    42    76    53    35    51    46    
     65    134   89    42    76    53    35    51    46    

bg   19    25    24    23    32    30    32    47    43    
     19    25    24    23    32    30    32    47    43    
     19    25    24    23    32    30    32    47    43    
     19    25    24    23    32    30    32    47    43    

A3   26    72    102   26    50    52    33    49    46    
     26    72    102   26    50    52    33    49    46    
     26    72    102   26    50    52    33    49    46    
     26    72    102   26    50    52    33    49    46    

bg   19    25    24    22    32    30    32    47    43    
     19    25    24    23    32    30    32    47    43    
     19    25    24    23    32    30    32    47    43    
     19    25    24    23    32    30    32    47    43    

B1   49    53    32    96    98    46    65    77    52    
     49    53    32    96    98    46    65    77    52    
     49    53    32    96    98    46    65    77    52    
     49    54    32    96    98    46    65    77    52    

bg   19    25    24    23    33    30    32    47    43    
     19    25    24    23    32    30    32    47    43    
     19    25    24    23    32    30    32    47    43    
     19    25    24    22    32    29    32    47    43    

B2   39    66    46    65    137   82    51    86    68    
     39    66    46    65    137   82    51    86    68    
     39    66    46    65    137   82    51    86    68    
     39    66    46    65    137   82    51    86    68    

bg   19    25    24    23    32    30    32    47    43    
     19    25    24    23    32    30    32    47    43    
     19    25    24    23    32    30    32    47    43    
     19    25    24    23    32    30    32    47    43    

B3   23    40    46    29    74    89    36    69    78    
     23    40    46    29    73    89    36    69    78    
     23    40    46    29    73    89    36    69    77    
     23    40    46    28    73    89    36    69    77    

bg   19    25    24    22    32    29    32    46    43    
     19    25    24    22    32    29    32    46    43    
     19    25    24    22    32    29    32    46    43    
     19    25    24    22    32    29    32    47    43    

C1   22    28    26    55    62    40    113   123   63    
     22    28    26    55    62    40    112   123   63    
     22    28    26    55    62    40    112   123   63    
     22    28    26    55    62    40    112   122   63    

bg   19    25    24    22    32    29    32    47    43    
     19    25    24    22    32    29    32    47    43    
     19    25    24    22    32    29    32    46    43    
     19    25    24    22    32    29    32    47    43    

C2   21    28    26    42    76    60    82    169   114   
     21    28    26    42    75    60    82    168   114   
     21    28    26    42    75    60    82    168   114   
     21    28    26    42    75    60    82    168   114   

bg   19    24    24    22    32    29    32    46    42    
     19    24    24    22    32    29    32    46    42    
     19    24    24    22    32    29    32    46    42    
     19    24    24    22    32    29    32    46    42    

C3   20    27    27    25    53    62    37    99    127   
     20    27    27    25    52    62    37    99    127   
     20    27    27    25    52    62    37    99    127   
     20    27    27    25    52    62    37    99    126   

bg   19    24    24    22    32    29    31    46    42    
     19    24    24    22    32    29    31    46    42    
     19    24    24    22    32    29    31    46    42    
     19    24    24    22    32    29    31    46    42    


Trial #10-------------------------

     A1    A2    A3    B1    B2    B3    C1    C2    C3    

A1   94    95    42    53    62    37    36    50    44    
     94    95    42    53    62    37    36    50    44    
     94    95    42    53    62    37    36    50    44    
     94    95    42    53    61    37    36    50    44    

bg   19    24    24    22    32    29    31    46    42    
     19    24    24    22    32    29    31    46    42    
     19    24    24    22    32    29    31    46    42    
     19    24    24    22    32    29    31    46    42    

A2   65    135   89    42    76    52    34    50    46    
     65    134   89    42    76    52    34    50    46    
     65    134   89    42    75    52    34    50    46    
     65    134   89    42    75    52    34    50    45    

bg   19    24    24    22    32    29    31    46    42    
     19    24    24    22    32    29    31    46    42    
     19    24    24    22    32    29    31    46    42    
     19    24    24    22    32    29    31    46    42    

A3   25    72    102   25    50    52    33    48    46    
     25    72    102   25    50    52    32    48    46    
     25    72    102   25    50    52    32    48    46    
     25    72    102   25    50    52    32    48    46    

bg   19    24    24    22    32    29    31    46    42    
     19    24    24    22    32    29    31    46    42    
     19    24    24    22    32    29    31    46    42    
     19    24    24    22    32    29    31    46    42    

B1   49    53    31    96    98    45    64    76    51    
     49    53    31    96    97    45    64    76    51    
     49    53    31    96    97    45    64    76    51    
     49    53    31    96    97    45    64    75    50    

bg   19    24    23    22    31    29    31    46    42    
     19    24    24    22    31    29    31    46    42    
     19    24    24    22    31    29    31    46    42    
     19    24    24    22    31    29    31    46    42    

B2   39    66    46    65    137   82    50    85    68    
     39    66    46    65    137   82    50    85    68    
     39    66    46    65    137   81    50    85    68    
     39    66    46    65    136   81    50    85    68    

bg   19    24    24    22    31    29    31    46    42    
     19    24    24    22    31    29    31    46    42    
     19    24    24    22    31    29    31    46    42    
     19    24    24    22    31    29    31    46    42    

B3   22    40    46    28    73    88    35    68    76    
     22    40    46    28    73    88    35    68    76    
     22    40    46    28    73    88    35    68    76    
     22    40    46    28    73    88    35    68    76    

bg   19    24    24    22    31    29    31    46    42    
     19    24    24    22    31    29    31    46    42    
     19    24    24    22    31    29    31    46    42    
     19    24    24    22    31    29    31    46    42    

C1   22    28    25    54    61    39    111   121   62    
     22    28    25    54    61    39    111   121   62    
     22    28    25    54    61    39    111   121   62    
     22    28    25    54    61    39    111   121   62    

bg   19    24    24    22    31    29    31    46    42    
     19    24    24    22    31    29    31    46    42    
     19    24    24    22    31    29    31    46    42    
     19    24    24    22    31    29    31    46    42    

C2   21    28    26    42    75    59    82    168   113   
     21    28    26    42    75    59    82    168   113   
     21    28    26    42    75    59    82    168   113   
     21    28    26    42    75    59    82    168   113   

bg   19    24    23    22    31    29    31    46    42    
     19    24    23    22    31    29    31    46    42    
     19    24    23    22    31    29    31    46    42    
     19    24    23    22    31    29    31    46    42    

C3   20    26    27    25    52    61    37    98    126   
     20    26    27    25    52    61    37    98    126   
     20    26    27    25    52    61    37    98    126   
     20    26    27    25    52    61    37    98    126   

bg   19    24    23    22    31    29    31    46    42    
     19    24    23    22    31    29    31    46    42    
     19    24    23    22    31    29    31    46    42    
     19    24    23    22    31    29    31    45    42    


Trial #11-------------------------

     A1    A2    A3    B1    B2    B3    C1    C2    C3    

A1   94    95    42    53    61    37    35    49    44    
     94    95    42    53    61    37    35    49    44    
     94    94    42    52    61    37    35    49    44    
     93    94    42    52    61    37    35    49    43    

bg   19    24    23    22    31    29    31    45    42    
     19    24    23    22    31    29    31    45    42    
     19    24    23    22    31    29    31    46    42    
     19    24    23    22    31    29    31    45    42    

A2   64    134   88    41    75    52    34    50    45    
     64    133   88    41    75    52    34    49    45    
     64    133   88    41    75    52    34    49    45    
     64    133   88    41    75    52    34    49    45    

bg   19    24    23    22    31    29    31    45    41    
     19    24    23    22    31    29    31    45    41    
     19    24    23    22    31    29    31    45    42    
     19    24    23    22    31    29    31    45    42    

A3   25    72    102   25    49    52    32    47    45    
     25    72    102   25    49    52    32    48    45    
     25    72    101   25    49    52    32    47    45    
     25    72    101   25    49    52    32    47    45    

bg   19    24    23    22    31    29    31    45    41    
     18    24    23    22    31    29    31    45    41    
     19    24    23    22    31    29    31    45    41    
     19    24    23    22    31    29    31    45    41    

B1   49    53    31    96    97    45    64    75    50    
     49    53    31    96    97    45    64    75    50    
     49    53    31    96    97    45    64    75    50    
     49    53    31    96    97    45    63    75    50    

bg   19    24    23    22    31    29    31    45    41    
     19    24    23    22    31    29    31    45    41    
     18    24    23    22    31    29    31    45    41    
     18    24    23    22    31    29    31    45    41    

B2   39    65    46    65    136   81    50    85    67    
     39    65    46    65    136   81    50    85    67    
     39    65    46    65    136   81    50    85    67    
     39    65    46    65    136   81    50    84    67    

bg   19    24    23    22    31    29    31    45    41    
     18    24    23    22    31    29    31    45    41    
     18    24    23    22    31    29    31    45    41    
     18    24    23    22    31    29    31    45    41    

B3   22    39    45    28    72    88    34    67    76    
     22    39    45    28    72    88    35    67    76    
     22    39    45    28    72    88    35    67    76    
     22    39    45    28    72    88    34    67    76    

bg   18    24    23    22    31    28    31    45    41    
     18    24    23    22    31    28    31    45    41    
     18    24    23    22    31    28    31    45    41    
     18    24    23    22    31    28    31    45    41    

C1   22    27    25    54    61    38    111   121   61    
     22    27    25    54    61    38    111   121   61    
     22    27    25    54    61    39    111   121   61    
     22    27    25    54    61    39    111   121   61    

bg   18    24    23    22    31    28    31    45    41    
     18    24    23    22    31    28    31    45    41    
     18    24    23    22    31    28    31    45    41    
     18    24    23    22    31    28    31    45    41    

C2   21    28    26    41    75    59    81    168   113   
     21    28    26    41    75    59    81    168   113   
     21    28    26    41    75    59    81    167   113   
     21    28    26    41    75    59    81    167   113   

bg   18    24    23    22    31    28    31    45    41    
     18    24    23    22    31    28    31    45    41    
     18    24    23    22    31    28    30    45    41    
     18    24    23    22    31    28    30    45    41    

C3   20    26    26    25    52    61    36    98    126   
     20    26    26    25    52    61    36    98    126   
     20    26    26    25    52    61    36    98    125   
     20    26    26    25    52    61    36    98    125   

bg   18    24    23    22    31    28    30    45    41    
     18    24    23    22    31    28    30    45    41    
     18    24    23    22    31    28    30    45    41    
     18    24    23    22    31    28    30    45    41    


Trial #12-------------------------

     A1    A2    A3    B1    B2    B3    C1    C2    C3    

A1   94    95    41    52    61    37    35    48    43    
     94    94    41    52    61    36    35    48    43    
     93    94    41    52    61    36    35    48    43    
     93    94    41    52    61    36    35    48    43    

bg   18    24    23    22    31    28    31    45    41    
     18    24    23    22    31    28    31    45    41    
     18    24    23    22    31    28    30    45    41    
     18    24    23    22    31    28    30    45    41    

A2   64    133   88    41    74    51    33    49    44    
     64    133   88    41    74    51    33    49    44    
     64    133   88    41    74    51    33    49    44    
     64    133   88    41    74    51    33    49    44    

bg   18    24    23    22    31    28    30    45    41    
     18    24    23    22    31    28    30    45    41    
     18    24    23    22    31    28    30    45    41    
     18    24    23    22    31    28    30    45    41    

A3   25    71    101   25    49    51    32    47    45    
     25    71    101   25    49    51    32    47    45    
     25    71    101   25    49    51    32    47    45    
     25    71    101   25    49    51    32    47    45    

bg   18    24    23    22    31    28    30    45    41    
     18    24    23    22    31    28    30    45    41    
     18    24    23    22    31    28    30    45    41    
     18    24    23    22    31    28    30    45    41    

B1   49    53    31    96    97    45    63    75    50    
     49    53    31    96    97    45    63    75    50    
     49    53    31    96    97    45    63    75    50    
     48    53    31    96    97    45    63    75    50    

bg   18    24    23    22    31    28    31    45    41    
     18    24    23    22    31    28    31    45    41    
     18    24    23    22    31    28    31    45    41    
     18    24    23    22    31    28    31    45    41    

B2   38    65    45    64    136   81    49    84    67    
     38    65    45    64    136   81    49    84    67    
     38    65    45    64    135   81    49    84    67    
     38    65    45    64    135   80    49    84    67    

bg   18    24    23    22    31    28    30    45    41    
     18    24    23    22    31    28    30    45    41    
     18    24    23    22    31    28    30    45    41    
     18    24    23    22    31    28    30    45    41    

B3   22    39    45    28    72    88    34    67    76    
     22    39    45    28    72    88    34    67    76    
     22    39    45    28    72    88    34    67    76    
     22    39    45    28    72    88    34    67    76    

bg   18    24    23    22    31    28    30    45    41    
     18    24    23    22    31    28    30    45    41    
     18    24    23    22    31    28    30    45    41    
     18    24    23    22    31    28    30    45    41    

C1   22    27    25    54    61    38    111   121   61    
     22    27    25    54    61    38    111   120   61    
     22    27    25    54    61    38    111   120   61    
     22    27    25    54    61    38    111   120   61    

bg   18    24    23    22    31    28    30    45    41    
     18    24    23    22    31    28    30    45    41    
     18    24    23    22    31    28    30    45    41    
     18    24    23    22    31    28    30    45    41    

C2   21    27    26    41    75    59    81    168   113   
     21    27    26    41    75    59    81    168   113   
     21    27    26    41    75    59    81    168   113   
     21    28    26    41    75    59    81    167   113   

bg   18    24    23    22    31    28    30    45    41    
     18    24    23    22    31    28    30    45    41    
     18    24    23    21    31    28    30    45    41    
     18    24    23    21    31    28    30    45    41    

C3   20    26    26    25    51    61    36    98    126   
     20    26    26    25    51    61    36    98    125   
     20    26    26    25    52    61    36    98    125   
     20    26    26    25    52    61    36    98    125   

bg   18    24    23    22    31    28    30    45    41    
     18    24    23    22    31    28    30    45    41    
     18    24    23    21    31    28    30    45    41    
     18    24    23    22    31    28    30    45    41    

