Trial #1-------------------------

     A1    A2    A3    B1    B2    B3    C1    C2    C3    

A1   136   153   103   102   136   116   106   152   143   
     136   153   103   101   135   116   106   152   143   
     136   153   103   101   135   116   105   152   143   
     136   153   103   101   135   115   105   152   143   

bg   62    83    85    71    106   107   101   149   141   
     62    83    85    71    106   107   101   149   141   
     62    83    85    71    106   107   101   149   141   
     62    83    85    71    106   107   101   149   141   

A2   107   194   153   90    150   135   104   153   144   
     107   194   153   90    150   135   104   153   144   
     107   194   153   90    150   135   104   153   144   
     107   194   152   90    150   135   104   153   144   

bg   62    83    85    71    106   107   101   149   141   
     62    83    85    71    106   107   101   148   140   
     62    83    85    71    106   107   101   149   141   
     62    83    85    71    106   107   101   148   141   

A3   68    133   167   74    128   137   102   150   144   
     68    133   167   74    128   137   102   151   144   
     68    133   167   74    128   137   102   151   144   
     68    133   167   74    128   137   102   151   144   

bg   62    83    85    71    106   107   101   149   141   
     62    83    85    71    106   107   101   149   141   
     62    83    85    71    106   107   101   149   141   
     62    83    85    71    106   107   101   149   141   

B1   91    111   92    144   168   126   134   178   149   
     91    111   93    144   169   126   134   178   150   
     91    111   93    144   168   126   134   178   149   
     91    111   92    144   168   126   134   178   150   

bg   62    83    85    71    107   108   102   149   141   
     62    83    85    71    106   107   101   149   141   
     62    83    85    71    106   107   101   148   140   
     62    83    85    71    106   107   101   148   140   

B2   81    126   113   112   220   178   119   188   167   
     81    126   112   111   220   178   119   187   167   
     81    126   112   111   220   178   119   187   167   
     81    126   113   112   220   178   119   188   167   

bg   62    83    85    71    106   107   101   148   140   
     62    83    85    71    106   107   101   149   141   
     62    83    85    71    106   107   101   149   141   
     62    83    85    71    106   107   101   149   141   

B3   65    105   117   79    163   190   106   173   179   
     66    105   117   79    163   190   106   174   179   
     66    105   117   79    163   190   106   174   179   
     66    106   117   80    163   190   106   174   179   

bg   62    83    85    71    107   108   102   149   141   
     62    83    85    71    106   107   101   149   141   
     62    83    85    71    106   107   101   149   141   
     62    83    85    71    106   107   101   148   140   

C1   65    86    87    103   135   117   181   223   160   
     66    87    87    104   136   118   181   224   160   
     66    87    87    104   137   118   182   225   162   
     66    88    88    104   137   119   182   226   163   

bg   63    85    86    72    108   109   103   151   144   
     62    84    85    71    107   108   102   149   142   
     62    83    85    71    106   107   101   148   140   
     61    83    84    71    106   107   101   148   140   

C2   64    87    87    90    149   137   151   269   211   
     64    87    88    90    149   138   151   269   211   
     64    87    88    90    149   138   151   269   211   
     64    87    88    90    149   138   151   269   211   

bg   62    83    84    71    106   107   101   148   140   
     62    83    84    71    106   107   101   148   140   
     61    83    84    71    105   107   101   148   140   
     61    82    84    70    105   106   100   147   140   

C3   63    85    87    73    127   140   106   200   223   
     63    85    87    73    127   140   106   200   223   
     63    85    88    74    127   140   107   200   223   
     63    86    88    74    127   141   107   200   223   

bg   61    83    84    71    106   107   101   148   140   
     61    82    84    70    105   106   100   147   139   
     61    82    84    70    105   106   100   147   139   
     61    82    84    70    105   106   100   147   139   


Trial #2-------------------------

     A1    A2    A3    B1    B2    B3    C1    C2    C3    

A1   135   152   102   101   135   115   105   151   142   
     135   152   102   101   135   115   105   151   142   
     135   152   102   101   134   115   105   151   142   
     135   152   102   101   134   115   105   151   142   

bg   61    83    84    71    105   106   101   148   140   
     61    83    84    71    105   106   101   148   140   
     61    83    84    71    105   106   101   148   140   
     61    83    84    71    105   106   101   148   140   

A2   107   194   153   90    150   135   104   153   144   
     107   194   153   90    150   135   104   153   145   
     107   194   153   90    150   135   104   154   145   
     107   194   153   90    151   135   104   154   145   

bg   62    83    85    71    106   107   101   149   141   
     62    83    85    71    106   107   101   149   141   
     62    83    84    71    106   107   101   148   140   
     61    83    84    71    105   106   101   148   140   

A3   68    133   167   74    128   136   102   150   143   
     68    133   167   74    128   136   102   150   143   
     68    133   167   74    128   136   102   150   143   
     68    133   166   74    128   136   102   150   143   

bg   61    82    84    70    105   106   100   147   140   
     61    82    84    70    105   106   100   147   140   
     61    82    84    70    105   106   100   147   139   
     61    82    84    70    105   106   100   147   139   

B1   90    110   91    143   167   124   133   176   148   
     90    110   91    142   166   124   133   176   148   
     90    110   91    142   166   124   133   176   147   
     90    110   91    142   166   124   133   176   148   

bg   61    82    84    70    105   106   100   147   140   
     61    82    84    70    105   106   100   147   140   
     61    82    84    70    105   106   100   148   140   
     61    83    84    71    105   107   100   148   140   

B2   81    126   112   111   220   178   119   187   167   
     81    126   112   111   220   178   119   187   167   
     81    126   112   111   220   178   119   187   167   
     81    126   112   112   220   177   119   187   167   

bg   62    83    84    71    106   107   101   148   140   
     62    83    84    71    106   107   101   148   140   
     62    83    84    71    106   107   101   148   140   
     62    83    85    71    106   107   101   148   140   

B3   65    105   116   79    162   189   105   172   178   
     65    105   116   79    162   189   105   172   178   
     65    105   116   79    162   189   105   172   178   
     65    105   116   79    162   189   105   172   178   

bg   62    83    85    71    106   107   101   149   141   
     62    83    85    71    106   107   101   149   140   
     62    83    85    71    106   107   101   148   140   
     62    83    85    71    106   107   101   148   140   

C1   65    86    87    103   135   117   181   223   160   
     65    86    87    103   135   117   181   223   160   
     65    87    87    103   136   117   181   223   161   
     65    87    87    103   136   118   181   224   161   

bg   62    83    85    71    106   107   101   149   141   
     62    83    85    71    106   107   101   149   141   
     62    83    85    71    107   108   102   149   141   
     62    83    85    71    107   108   102   150   141   

C2   64    88    88    90    149   138   151   270   211   
     64    88    88    90    149   138   151   269   211   
     64    87    88    90    149   138   151   269   211   
     64    88    88    90    149   138   151   269   211   

bg   62    83    85    71    106   107   101   149   141   
     62    84    85    71    107   108   102   149   141   
     62    84    85    71    107   108   102   150   141   
     62    84    85    71    107   108   102   149   141   

C3   63    86    88    74    128   141   107   201   224   
     63    86    88    74    127   141   107   201   224   
     63    86    88    74    127   141   107   201   224   
     63    86    88    74    128   141   107   201   224   

bg   62    83    85    71    106   107   101   148   140   
     62    83    85    71    106   107   101   149   141   
     62    83    85    71    106   107   101   149   141   
     62    83    85    71    106   107   101   149   141   


Trial #3-------------------------

     A1    A2    A3    B1    B2    B3    C1    C2    C3    

A1   136   153   103   102   136   116   106   152   143   
     136   153   103   102   135   116   106   152   143   
     136   152   103   101   135   115   105   152   142   
     135   152   103   101   135   115   105   152   142   

bg   62    83    85    71    106   107   101   148   140   
     62    83    85    71    106   107   101   148   140   
     62    83    85    71    106   107   101   149   141   
     62    83    85    71    106   107   101   149   141   

A2   107   194   153   90    150   135   104   154   145   
     107   194   153   90    150   135   104   154   145   
     107   194   153   90    150   135   105   154   145   
     107   193   153   90    150   135   104   154   145   

bg   62    83    85    71    106   107   101   149   141   
     62    83    85    71    106   107   101   149   141   
     62    83    85    71    106   107   101   149   141   
     62    83    85    71    106   107   101   149   141   

A3   69    134   168   74    129   138   103   152   145   
     69    134   168   74    129   138   103   152   145   
     69    134   168   74    129   138   103   152   145   
     69    134   168   74    129   138   103   152   145   

bg   62    83    85    71    107   107   102   149   141   
     62    83    85    71    106   107   101   149   141   
     62    83    85    71    106   107   101   149   141   
     62    83    85    71    106   107   101   149   141   

B1   91    111   92    144   168   126   134   178   149   
     91    111   92    144   168   126   134   178   149   
     91    111   92    143   168   126   134   178   149   
     91    111   92    143   168   126   134   178   149   

bg   62    83    85    71    107   108   101   149   141   
     62    83    85    71    107   108   102   149   141   
     62    83    85    71    107   108   102   149   141   
     62    83    85    71    107   108   102   149   141   

B2   81    127   113   112   221   178   120   188   168   
     81    127   113   112   221   178   120   188   168   
     81    127   113   112   220   178   120   188   168   
     81    127   113   112   220   178   120   188   168   

bg   62    84    85    71    107   108   102   150   142   
     62    84    85    72    107   108   102   150   142   
     62    84    86    72    107   108   102   150   142   
     62    84    85    71    107   108   102   150   142   

B3   65    105   117   79    163   190   106   173   179   
     65    105   117   79    163   189   106   173   179   
     65    105   117   79    163   189   106   173   178   
     65    105   117   79    163   189   105   173   178   

bg   62    83    85    71    106   107   101   149   141   
     62    83    85    71    106   107   101   148   140   
     62    83    84    71    106   107   101   148   140   
     62    83    84    71    106   107   101   148   140   

C1   65    86    86    103   135   117   180   223   160   
     65    86    86    103   135   117   180   223   160   
     65    86    86    103   135   117   180   223   160   
     65    86    86    103   135   117   181   223   160   

bg   62    83    85    71    106   107   101   149   141   
     62    83    85    71    107   107   102   149   141   
     62    83    85    71    107   108   102   149   141   
     62    83    85    71    107   108   102   149   141   

C2   64    88    88    90    149   138   151   270   212   
     64    88    88    90    149   138   151   270   212   
     64    88    88    90    149   138   151   270   212   
     64    88    88    90    149   138   151   269   212   

bg   62    83    85    71    106   107   101   149   141   
     62    83    85    71    106   107   101   149   141   
     62    83    85    71    106   107   101   149   141   
     62    83    85    71    106   107   101   149   141   

C3   63    86    88    74    128   141   107   201   225   
     63    86    88    74    128   141   107   201   225   
     63    86    88    74    128   141   107   201   225   
     63    86    88    74    128   141   107   201   225   

bg   62    83    85    71    106   107   101   149   141   
     62    83    85    71    106   107   101   149   141   
     62    83    85    71    106   107   101   149   141   
     62    83    85    71    106   107   102   149   141   


Trial #4-------------------------

     A1    A2    A3    B1    B2    B3    C1    C2    C3    

A1   137   153   103   102   136   116   106   153   143   
     136   153   103   102   136   116   106   152   143   
     136   153   103   101   136   116   106   152   143   
     136   153   103   101   135   116   106   152   143   

bg   62    83    85    71    106   107   101   149   141   
     62    83    85    71    106   107   101   149   141   
     62    83    85    71    106   108   101   149   141   
     62    83    85    71    106   108   101   149   141   

A2   107   194   153   90    150   135   105   154   145   
     107   194   153   90    151   135   105   154   145   
     107   194   153   90    150   135   105   154   145   
     107   194   153   90    150   135   105   154   145   

bg   62    83    85    71    106   107   102   149   141   
     62    83    85    71    106   108   102   149   141   
     62    83    85    71    107   108   102   149   141   
     62    83    85    71    107   108   102   149   141   

A3   69    134   168   74    129   138   103   152   145   
     69    134   168   74    129   138   103   152   145   
     69    134   168   74    129   138   103   152   145   
     69    134   167   74    129   138   103   152   145   

bg   62    83    85    71    107   107   102   149   141   
     62    83    85    71    107   107   102   149   141   
     62    83    85    71    106   107   102   149   141   
     62    83    85    71    106   107   102   149   141   

B1   91    111   92    144   168   126   134   178   150   
     91    111   92    144   168   126   134   178   150   
     91    111   92    143   168   126   134   178   150   
     91    111   92    143   168   126   134   178   150   

bg   62    83    85    71    107   108   102   149   141   
     62    83    85    71    107   108   102   149   141   
     62    83    85    71    107   108   102   149   141   
     62    83    85    71    107   108   102   149   141   

B2   81    127   113   112   221   178   120   188   168   
     81    127   113   112   220   178   120   188   168   
     81    127   113   112   220   178   120   188   168   
     81    127   113   112   220   178   120   188   168   

bg   62    83    85    71    106   107   101   149   141   
     62    83    85    71    106   107   101   149   141   
     62    83    85    71    106   107   101   149   141   
     62    83    85    71    106   107   101   149   141   

B3   65    105   116   79    162   189   105   173   178   
     65    105   116   79    162   189   105   173   178   
     65    105   117   79    163   189   106   173   178   
     66    105   117   80    163   189   106   174   179   

bg   62    84    85    71    107   108   102   149   142   
     62    84    85    71    107   108   102   150   142   
     62    84    85    72    107   108   102   150   142   
     62    84    86    72    107   108   102   150   142   

C1   67    89    89    105   139   121   184   228   165   
     66    87    88    104   136   118   182   225   162   
     66    87    87    104   136   118   181   224   161   
     66    87    87    103   136   118   181   223   161   

bg   62    83    85    71    106   107   101   149   141   
     62    83    85    71    106   107   101   149   141   
     62    83    85    71    106   107   101   149   141   
     62    83    85    71    106   107   101   149   141   

C2   64    88    88    90    149   138   151   270   212   
     64    88    88    90    149   138   151   270   212   
     64    88    88    90    149   138   151   270   212   
     64    88    88    90    149   138   151   270   212   

bg   62    83    85    71    107   107   102   149   141   
     62    83    85    71    106   107   102   149   141   
     62    84    85    71    107   108   102   149   141   
     62    83    85    71    106   107   101   149   141   

C3   63    86    88    74    127   141   107   201   224   
     63    86    88    74    127   141   107   201   224   
     63    86    88    74    127   141   107   201   224   
     63    86    88    74    127   141   107   201   224   

bg   62    84    85    71    107   108   102   149   141   
     62    83    85    71    107   107   102   149   141   
     62    83    85    71    107   108   102   149   141   
     62    84    85    71    107   108   102   149   141   


