Trial #1-------------------------

     A1    A2    A3    B1    B2    B3    C1    C2    C3    

A1   137   153   104   102   135   116   107   153   144   
     137   153   104   102   134   116   107   153   144   
     136   153   104   102   134   116   107   153   144   
     136   153   104   102   134   116   107   153   144   

bg   62    83    86    72    105   107   103   150   142   
     62    83    86    71    105   108   102   150   142   
     62    83    85    71    105   107   102   150   142   
     62    83    86    71    105   107   102   150   142   

A2   107   194   154   90    149   135   105   154   145   
     107   194   154   90    149   135   105   154   145   
     108   194   154   90    149   135   105   154   145   
     108   194   153   90    149   135   105   154   145   

bg   62    83    86    72    105   107   103   150   142   
     62    83    86    72    106   108   103   150   142   
     62    83    86    72    105   107   103   150   142   
     62    83    85    71    105   107   102   150   142   

A3   69    134   169   75    128   138   104   153   147   
     69    134   170   75    129   139   104   154   147   
     68    133   169   74    127   137   103   152   145   
     68    133   168   74    127   137   103   152   145   

bg   62    83    86    71    105   107   102   150   142   
     62    83    86    72    105   107   102   150   142   
     62    83    86    72    105   107   103   150   142   
     62    83    86    72    106   108   103   151   142   

B1   91    111   93    144   166   122   135   179   150   
     91    111   93    144   166   122   135   179   150   
     91    111   93    144   166   122   135   179   151   
     92    111   93    144   167   123   135   180   151   

bg   64    86    88    74    108   110   106   155   147   
     64    86    89    74    109   111   106   156   148   
     64    86    88    74    109   111   106   155   147   
     63    85    87    73    107   110   105   154   146   

B2   82    126   113   112   206   172   122   190   170   
     82    126   113   112   205   172   122   190   170   
     82    126   113   112   205   172   121   190   170   
     82    126   113   112   205   171   121   189   169   

bg   62    83    86    72    106   108   103   150   143   
     62    83    86    72    105   108   103   150   143   
     62    83    86    72    106   108   103   151   143   
     63    84    86    72    106   108   103   151   144   

B3   67    106   119   79    157   192   109   178   184   
     67    107   120   79    157   192   110   179   184   
     68    107   120   80    158   193   112   182   186   
     71    111   124   85    166   200   118   192   194   

bg   69    93    95    78    115   117   112   165   158   
     65    85    89    74    108   111   105   155   148   
     63    84    87    72    107   109   104   152   144   
     63    84    86    72    106   108   103   151   143   

C1   66    87    88    105   136   119   184   227   164   
     66    87    88    105   136   119   184   227   164   
     66    87    88    105   136   119   184   227   164   
     66    87    88    105   136   119   184   227   163   

bg   63    84    86    72    106   108   103   151   143   
     63    84    86    72    106   108   103   151   143   
     63    84    86    72    106   108   103   151   143   
     62    83    86    72    106   108   103   151   143   

C2   65    87    88    91    148   138   153   272   214   
     65    87    88    91    148   138   153   272   214   
     65    87    88    91    148   138   153   272   214   
     64    87    89    91    148   138   153   272   214   

bg   62    83    86    72    106   108   103   151   143   
     62    83    86    72    106   108   103   151   143   
     62    83    86    72    106   108   103   151   143   
     62    83    86    72    106   108   103   151   143   

C3   64    86    89    75    127   141   109   203   226   
     64    86    89    75    127   141   109   203   227   
     64    86    89    75    127   141   109   203   227   
     63    86    89    74    127   141   108   202   226   

bg   62    83    86    72    106   108   103   151   143   
     62    84    86    72    106   108   103   151   143   
     62    83    86    72    106   108   103   151   143   
     62    84    86    72    106   108   103   151   143   


Trial #2-------------------------

     A1    A2    A3    B1    B2    B3    C1    C2    C3    

A1   138   154   104   103   135   116   107   154   145   
     137   154   104   102   135   116   107   154   145   
     137   153   104   102   135   116   107   154   144   
     136   153   104   102   135   116   107   154   144   

bg   62    83    86    72    106   108   103   151   143   
     62    83    86    72    106   108   103   150   143   
     62    83    86    72    106   108   103   150   143   
     62    83    86    72    105   108   103   151   143   

A2   108   195   154   91    149   135   106   154   146   
     108   195   154   91    149   135   106   154   146   
     108   194   154   91    149   135   106   154   146   
     108   194   154   91    149   135   106   154   146   

bg   62    83    86    72    106   108   103   151   143   
     62    83    86    72    106   108   103   151   143   
     62    83    86    72    106   108   103   151   143   
     62    83    86    72    106   108   103   151   143   

A3   69    134   170   75    128   139   104   153   147   
     69    134   169   75    128   138   104   153   147   
     69    134   169   75    128   139   104   154   147   
     69    134   169   75    128   138   104   153   147   

bg   63    84    86    72    106   108   103   151   143   
     63    84    86    72    106   108   103   151   143   
     63    84    86    72    106   108   103   151   143   
     63    84    86    72    106   108   103   151   143   

B1   92    111   93    145   167   123   135   180   151   
     92    111   93    144   167   123   135   180   151   
     92    111   93    144   167   123   135   180   151   
     92    111   93    144   166   123   135   179   151   

bg   62    83    86    72    105   108   103   150   142   
     62    83    86    72    105   108   103   150   142   
     62    83    86    72    105   107   103   150   142   
     62    83    86    72    105   107   103   150   142   

B2   81    126   113   112   205   171   121   189   169   
     81    126   113   112   205   171   121   189   169   
     81    126   113   112   204   171   121   189   169   
     81    126   113   112   204   171   121   189   169   

bg   62    83    86    72    106   108   103   151   143   
     62    84    86    72    106   108   103   151   143   
     63    84    86    72    106   108   103   151   143   
     63    84    86    72    106   108   103   151   143   

B3   66    105   118   77    155   189   107   175   181   
     66    105   117   77    154   189   107   175   180   
     66    105   117   77    154   189   107   175   180   
     66    105   118   77    154   189   107   175   181   

bg   62    83    86    72    106   108   103   151   143   
     62    83    86    72    105   108   102   150   142   
     62    83    86    72    105   108   102   150   142   
     62    83    86    72    105   108   103   150   143   

C1   66    87    88    104   135   118   183   226   163   
     66    87    88    104   135   118   183   226   163   
     66    87    88    104   135   118   183   226   163   
     66    87    88    104   135   118   183   226   163   

bg   63    84    86    72    106   108   103   151   143   
     63    84    86    72    106   108   103   151   143   
     63    84    86    72    106   108   103   151   143   
     63    84    86    72    106   108   103   151   143   

C2   65    87    89    91    148   139   153   272   214   
     65    88    89    91    149   139   153   272   214   
     65    88    89    91    149   139   153   273   215   
     65    88    89    91    149   139   153   273   214   

bg   63    84    86    72    106   108   104   152   144   
     63    84    86    72    107   109   104   152   144   
     63    85    87    73    107   110   105   153   145   
     64    85    88    74    108   111   106   155   147   

C3   65    88    91    76    129   144   111   206   230   
     65    88    91    76    129   144   111   207   230   
     65    88    91    77    129   144   111   206   230   
     65    87    91    76    128   143   110   205   229   

bg   63    84    86    72    106   108   103   151   143   
     63    84    86    72    106   108   103   151   143   
     63    84    86    72    106   108   103   151   143   
     63    84    86    72    106   108   103   151   143   


Trial #3-------------------------

     A1    A2    A3    B1    B2    B3    C1    C2    C3    

A1   137   153   104   102   135   116   107   154   145   
     137   153   104   102   135   116   107   154   145   
     137   153   104   102   135   116   107   154   145   
     136   153   104   102   135   116   107   154   145   

bg   62    83    86    72    106   108   103   151   143   
     63    84    86    72    106   108   103   151   143   
     63    84    86    72    106   108   103   151   143   
     63    84    86    72    106   109   104   152   144   

A2   108   194   154   91    149   135   106   155   146   
     108   194   154   91    149   135   106   155   146   
     108   194   153   91    149   135   106   155   146   
     108   193   153   91    149   135   106   155   146   

bg   63    84    86    72    106   108   103   151   143   
     63    84    86    72    106   108   103   151   143   
     63    84    86    72    106   108   103   151   143   
     63    84    86    72    106   108   103   151   143   

A3   69    134   169   75    128   138   105   154   147   
     69    134   169   75    128   138   105   154   147   
     69    134   168   75    128   138   105   154   147   
     69    134   168   75    128   138   105   154   147   

bg   63    84    86    72    106   108   103   151   143   
     63    84    86    72    106   108   103   151   143   
     63    84    86    72    106   108   103   151   143   
     63    84    86    72    106   108   103   151   143   

B1   92    111   93    145   167   123   136   180   152   
     92    111   94    145   167   123   136   180   152   
     92    111   93    145   167   123   136   180   151   
     92    111   93    145   167   123   136   180   151   

bg   63    84    86    72    106   108   103   151   143   
     63    84    86    72    106   108   103   151   143   
     63    84    86    72    106   108   103   151   143   
     63    83    86    72    106   108   103   151   143   

B2   81    126   113   112   205   171   121   189   170   
     81    126   113   112   204   171   121   189   169   
     81    126   113   112   204   171   121   189   169   
     81    126   113   112   204   171   121   189   169   

bg   63    84    86    72    106   108   103   151   143   
     63    84    86    72    106   108   103   151   143   
     63    84    86    72    106   108   103   151   143   
     63    84    86    72    106   108   103   151   143   

B3   66    105   117   77    154   189   107   175   181   
     66    105   118   77    154   189   107   175   181   
     66    105   118   77    154   189   107   175   181   
     66    105   118   77    154   189   107   175   181   

bg   62    84    86    72    106   108   103   151   143   
     62    83    86    72    106   108   103   151   143   
     63    83    86    72    106   108   103   151   143   
     63    84    86    72    106   108   103   151   143   

C1   66    87    88    104   135   118   183   226   163   
     66    87    88    104   135   118   183   226   163   
     66    87    88    104   135   118   183   226   163   
     66    87    88    104   135   118   183   225   163   

bg   62    83    86    72    106   108   103   151   143   
     62    83    86    72    106   108   103   151   143   
     62    83    86    72    106   108   103   151   143   
     62    83    86    72    106   108   103   151   143   

C2   65    87    88    91    148   138   153   271   213   
     65    87    88    91    148   138   153   271   213   
     65    87    88    91    148   138   153   271   213   
     65    87    89    91    148   138   153   271   213   

bg   62    83    86    72    106   108   103   151   143   
     62    83    86    72    106   108   103   151   143   
     62    83    86    72    106   108   103   151   143   
     63    84    86    72    106   109   103   152   144   

C3   65    87    90    76    128   143   110   205   229   
     65    87    90    76    129   143   111   206   229   
     65    87    91    76    129   144   111   206   229   
     65    87    90    76    128   143   110   204   228   

bg   62    83    86    72    106   108   103   151   143   
     62    83    86    72    106   108   103   151   143   
     63    84    86    72    106   109   103   152   144   
     63    84    86    72    106   109   104   152   144   


Trial #4-------------------------

     A1    A2    A3    B1    B2    B3    C1    C2    C3    

A1   137   154   105   103   135   117   108   155   146   
     137   154   104   102   135   116   107   154   145   
     137   153   104   102   135   116   107   154   145   
     136   153   104   102   135   116   107   154   144   

bg   63    84    86    72    106   108   104   152   144   
     63    84    87    73    107   109   104   152   144   
     63    84    87    73    107   109   104   152   144   
     63    85    87    73    107   110   105   153   145   

A2   108   195   154   91    150   136   106   155   147   
     108   194   154   91    149   136   106   155   146   
     108   194   154   91    149   135   106   154   146   
     108   194   153   90    149   135   105   154   146   

bg   62    83    86    72    105   108   103   150   142   
     62    83    86    72    105   107   102   150   142   
     62    83    86    72    105   107   103   150   142   
     62    83    86    72    106   108   103   150   143   

A3   69    134   169   75    128   138   104   153   147   
     69    134   169   75    128   139   105   154   147   
     69    134   169   75    129   139   105   154   148   
     69    134   169   75    128   138   104   153   147   

bg   63    84    86    72    106   108   103   151   144   
     62    83    86    72    106   108   103   151   143   
     62    83    86    72    106   108   103   151   143   
     62    83    86    72    106   108   103   151   143   

B1   92    111   93    144   166   123   135   180   151   
     92    111   93    144   167   123   136   180   151   
     92    111   93    144   166   123   136   180   151   
     92    111   93    144   166   123   135   179   151   

bg   62    83    86    72    106   108   103   151   143   
     62    83    86    72    106   108   103   151   143   
     62    83    86    72    106   108   103   151   143   
     62    83    86    72    106   108   103   150   143   

B2   81    126   113   112   204   171   121   189   169   
     81    126   113   112   204   171   121   189   169   
     81    126   113   112   204   171   121   189   169   
     81    126   113   112   204   170   121   189   169   

bg   62    83    86    72    106   108   103   151   143   
     62    83    86    72    105   108   103   150   142   
     62    83    86    72    105   108   103   150   143   
     62    83    86    72    105   108   103   150   143   

B3   66    105   117   77    154   189   107   175   181   
     66    105   118   77    155   190   108   176   182   
     66    106   118   78    156   190   108   177   182   
     67    106   119   79    157   191   109   178   184   

bg   63    84    87    73    107   109   104   153   145   
     63    84    86    72    106   108   103   151   143   
     63    83    86    72    106   108   103   151   143   
     62    83    86    72    106   108   103   151   143   

C1   66    87    88    104   135   118   183   226   163   
     66    87    88    104   135   118   183   226   163   
     66    87    88    104   135   118   183   226   163   
     66    87    88    104   136   119   183   226   164   

bg   63    84    87    72    106   109   104   152   144   
     63    84    87    73    107   109   104   153   144   
     63    84    86    72    107   109   104   152   144   
     63    84    86    72    106   108   103   151   143   

C2   65    87    89    91    148   138   153   272   214   
     65    87    89    91    148   138   153   272   214   
     65    87    89    91    148   138   153   272   214   
     65    87    89    91    148   138   153   272   214   

bg   62    83    86    72    106   108   103   151   143   
     62    83    86    72    106   108   103   151   143   
     62    83    86    72    106   108   103   151   143   
     62    83    86    72    106   108   103   151   143   

C3   64    86    89    75    127   141   109   203   226   
     64    86    89    75    127   141   109   203   226   
     64    86    89    75    127   141   109   203   226   
     64    86    89    75    127   141   109   203   226   

bg   62    83    86    72    106   108   103   151   143   
     62    83    86    72    106   108   103   151   143   
     63    84    86    72    106   108   103   151   143   
     62    83    86    72    106   108   103   151   143   


