     A1    A2    A3    B1    B2    B3    C1    C2    C3    

A1   68    59    14    25    22    6     4     3     2     
     68    59    14    25    22    6     4     3     2     
     68    59    14    25    22    6     4     3     2     
     68    58    14    25    22    6     4     3     2     

bg   0     0     0     0     0     0     0     0     0     
     0     0     0     0     0     0     0     0     0     
     0     0     0     0     0     0     0     0     0     
     0     0     0     0     0     0     0     0     0     

A2   42    108   67    16    36    26    3     4     3     
     42    108   67    16    37    26    3     4     3     
     42    108   67    16    36    26    3     4     3     
     42    108   67    16    36    26    3     4     3     

bg   0     0     0     0     0     0     0     0     0     
     0     0     0     0     0     0     0     0     0     
     0     0     0     0     0     0     0     0     0     
     0     0     0     0     0     0     0     0     0     

A3   7     53    80    3     23    31    2     3     4     
     7     53    80    3     23    31    2     3     4     
     7     53    80    3     23    31    2     3     4     
     7     53    80    3     23    31    2     3     4     

bg   0     0     0     0     0     0     0     0     0     
     0     0     0     0     0     0     0     0     0     
     0     0     0     0     0     0     0     0     0     
     0     0     0     0     0     0     0     0     0     

B1   30    25    6     71    52    12    33    27    7     
     30    25    6     71    52    12    33    27    7     
     30    25    6     70    52    12    33    27    7     
     30    25    6     70    52    12    33    27    7     

bg   0     0     0     0     0     0     0     0     0     
     0     0     0     0     0     0     0     0     0     
     0     0     0     0     0     0     0     0     0     
     0     0     0     0     0     0     0     0     0     

B2   15    34    23    33    77    55    17    35    23    
     15    34    23    33    77    55    17    35    23    
     15    34    23    33    76    55    17    35    23    
     15    34    23    33    76    55    17    35    23    

bg   0     0     0     0     0     0     0     0     0     
     0     0     0     0     0     0     0     0     0     
     0     0     0     0     0     0     0     0     0     
     0     0     0     0     0     0     0     0     0     

B3   2     17    26    3     40    72    3     20    32    
     2     17    26    3     40    72    3     20    32    
     2     17    26    3     40    71    3     20    32    
     2     17    26    3     40    71    3     20    32    

bg   0     0     0     0     0     0     0     0     0     
     0     0     0     0     0     0     0     0     0     
     0     0     0     0     0     0     0     0     0     
     0     0     0     0     0     0     0     0     0     

C1   4     3     2     32    29    10    79    69    21    
     4     3     2     32    29    10    79    70    21    
     4     3     2     32    29    10    79    69    21    
     4     3     2     32    29    10    79    69    21    

bg   0     0     0     0     0     0     0     0     0     
     0     0     0     0     0     0     0     0     0     
     0     0     0     0     0     0     0     0     0     
     0     0     0     0     0     0     0     0     0     

C2   3     4     3     20    40    29    51    107   66    
     3     4     3     20    40    29    51    106   65    
     3     4     3     20    40    29    51    106   65    
     3     4     3     19    40    29    51    106   65    

bg   0     0     0     0     0     0     0     0     0     
     0     0     0     0     0     0     0     0     0     
     0     0     0     0     0     0     0     0     0     
     0     0     0     0     0     0     0     0     0     

C3   1     2     3     3     21    31    8     48    72    
     1     2     3     3     21    31    8     48    72    
     1     2     3     3     21    31    8     48    72    
     1     2     3     3     21    31    8     48    72    

bg   0     0     0     0     0     0     0     0     0     
     0     0     0     0     0     0     0     0     0     
     0     0     0     0     0     0     0     0     0     
     0     0     0     0     0     0     0     0     0     
