Trial #1-------------------------

     A1    A2    A3    B1    B2    B3    C1    C2    C3    

A1   79    77    47    55    69    50    44    63    58    
     79    77    47    55    69    50    44    63    58    
     79    78    47    55    69    50    44    63    58    
     79    78    47    55    69    50    44    63    58    

bg   21    29    33    28    43    43    40    60    56    
     21    29    33    28    43    43    40    60    57    
     21    29    33    28    44    43    40    60    57    
     21    29    33    28    44    44    40    60    57    

A2   49    116   96    43    86    71    43    64    60    
     50    117   96    43    86    71    43    64    60    
     50    117   96    44    86    71    43    64    60    
     50    117   96    44    86    71    43    64    60    

bg   21    29    33    27    43    43    40    59    56    
     21    29    33    27    43    43    40    59    56    
     21    29    33    27    43    43    40    60    56    
     21    29    33    28    43    43    40    60    56    

A3   26    79    117   31    66    75    42    63    61    
     27    79    117   31    67    75    42    64    62    
     27    80    118   32    68    76    43    65    63    
     28    80    118   32    69    77    43    66    64    

bg   22    30    34    28    45    45    41    62    58    
     21    30    34    28    44    44    41    61    57    
     21    30    33    28    44    43    40    60    57    
     21    30    33    28    43    43    40    60    56    

B1   48    55    40    100   109   60    72    90    65    
     48    55    40    100   109   60    72    90    65    
     48    55    40    100   109   60    72    90    65    
     48    55    40    100   109   60    72    90    65    

bg   21    29    33    27    43    43    39    60    56    
     21    29    33    27    43    43    39    59    56    
     21    29    33    27    43    43    39    59    56    
     21    29    33    27    43    43    39    59    56    

B2   39    73    62    70    158   113   58    101   84    
     39    73    62    70    158   113   58    101   84    
     39    73    61    70    158   113   58    100   84    
     39    73    61    70    157   113   58    100   84    

bg   20    29    32    27    43    43    39    59    56    
     20    29    33    27    43    43    39    59    56    
     20    29    33    27    43    43    39    59    56    
     21    29    33    27    43    43    39    59    56    

B3   24    52    66    34    99    128   44    85    95    
     24    52    66    34    99    128   44    85    95    
     24    52    66    34    99    128   44    85    95    
     24    52    66    34    99    128   44    85    95    

bg   20    29    33    27    43    43    40    60    56    
     20    29    33    27    43    43    40    60    56    
     20    29    33    27    43    43    40    60    56    
     21    29    33    27    43    43    39    60    56    

C1   24    33    35    60    73    53    120   135   76    
     24    33    35    60    73    53    120   135   76    
     24    33    35    60    73    53    120   135   76    
     24    32    35    60    73    54    120   135   76    

bg   20    29    33    27    43    43    40    60    56    
     20    29    33    27    43    43    40    60    56    
     20    29    33    27    43    43    40    60    56    
     20    29    33    27    43    43    40    60    56    

C2   23    33    36    47    88    75    90    182   128   
     23    33    36    47    88    75    90    182   128   
     23    33    36    47    88    75    90    182   128   
     23    33    36    47    88    75    90    182   128   

bg   21    29    33    27    43    43    40    60    56    
     21    29    33    27    43    43    40    60    56    
     21    29    33    27    43    43    40    60    56    
     21    29    33    27    43    43    40    60    56    

C3   22    32    36    31    65    78    46    113   141   
     22    32    36    31    65    78    46    113   141   
     22    32    36    31    65    78    46    113   141   
     22    32    36    31    65    78    46    113   141   

bg   21    29    33    27    43    43    40    60    56    
     21    29    33    27    43    43    40    60    56    
     21    29    33    27    43    43    40    60    56    
     21    29    33    27    43    43    40    60    56    


Trial #2-------------------------

     A1    A2    A3    B1    B2    B3    C1    C2    C3    

A1   78    77    46    55    69    50    44    63    58    
     78    77    46    55    69    50    44    63    58    
     78    77    46    55    69    50    43    63    58    
     78    77    46    55    69    50    43    63    58    

bg   21    29    33    27    43    43    39    59    56    
     21    29    33    27    43    43    39    59    56    
     21    29    33    27    43    43    39    59    56    
     21    29    33    27    43    43    39    60    56    

A2   49    116   96    43    85    70    42    64    60    
     49    116   96    43    85    70    42    64    60    
     49    116   96    43    85    70    42    64    60    
     49    116   96    43    85    70    42    64    60    

bg   21    29    33    27    43    43    40    60    56    
     21    29    33    27    43    43    39    59    56    
     21    29    33    27    43    43    39    59    56    
     21    29    33    27    43    43    39    59    56    

A3   26    79    116   30    66    74    41    62    60    
     26    79    116   30    66    74    41    62    60    
     26    78    115   30    66    74    41    62    61    
     26    78    115   31    66    74    41    62    60    

bg   21    29    33    28    43    43    40    60    56    
     21    29    33    28    43    43    40    60    56    
     21    29    33    28    44    43    40    60    57    
     21    30    33    28    44    43    40    60    57    

B1   48    56    41    101   109   60    72    90    65    
     48    55    40    100   109   60    72    90    65    
     48    55    40    100   109   60    72    90    65    
     48    55    40    100   109   60    72    90    65    

bg   21    29    33    27    43    43    40    60    56    
     21    29    33    27    43    43    40    60    56    
     21    29    33    27    43    43    40    60    56    
     21    29    33    27    43    43    40    60    56    

B2   39    73    62    70    158   113   59    101   85    
     39    73    62    70    158   113   59    101   85    
     39    73    62    70    157   113   59    101   85    
     39    73    62    70    157   113   59    101   85    

bg   21    29    33    27    43    43    40    60    56    
     21    29    33    27    43    43    40    60    56    
     21    29    33    27    43    43    40    60    56    
     21    29    33    27    43    43    40    60    56    

B3   24    52    66    34    99    128   44    85    95    
     24    52    66    34    99    128   44    85    95    
     24    52    66    34    99    128   44    85    95    
     24    52    66    34    99    128   44    85    95    

bg   21    29    33    27    43    43    39    60    56    
     21    29    33    27    43    43    39    60    56    
     21    29    33    27    43    43    40    60    56    
     20    29    33    27    43    43    40    60    56    

C1   24    32    35    60    73    53    120   135   76    
     24    32    35    60    73    53    120   135   76    
     24    32    35    60    73    53    120   135   76    
     24    32    35    60    73    53    120   135   76    

bg   21    29    33    27    43    43    39    59    56    
     21    29    33    27    43    43    39    59    56    
     20    29    33    27    43    43    39    59    56    
     20    29    33    27    43    43    39    59    56    

C2   23    33    36    47    88    75    90    182   128   
     23    33    36    47    88    75    90    181   128   
     23    33    36    47    88    75    90    181   128   
     23    33    36    47    87    75    90    181   127   

bg   21    29    33    27    43    43    39    59    56    
     21    29    33    27    43    43    39    59    56    
     21    29    33    27    43    43    39    59    56    
     20    29    33    27    43    43    39    59    56    

C3   22    31    36    30    65    77    45    112   141   
     22    31    36    30    65    77    45    112   140   
     22    31    36    30    65    77    45    112   140   
     22    31    36    30    65    77    45    112   140   

bg   21    29    33    27    43    43    39    59    56    
     21    29    33    27    43    43    39    59    56    
     21    29    33    27    43    43    39    59    56    
     21    29    33    27    43    43    39    59    56    


Trial #3-------------------------

     A1    A2    A3    B1    B2    B3    C1    C2    C3    

A1   78    77    46    55    69    50    43    62    58    
     78    77    46    55    69    50    43    63    58    
     78    77    46    55    69    50    43    63    58    
     78    77    46    54    69    50    43    63    58    

bg   21    29    33    27    43    43    40    60    56    
     21    29    33    27    43    43    39    59    56    
     21    29    33    27    43    43    39    59    56    
     21    29    33    27    43    43    39    59    56    

A2   50    116   96    43    85    70    42    63    59    
     49    116   96    43    85    70    42    63    59    
     49    116   95    43    85    70    42    63    59    
     49    115   95    43    84    70    42    63    59    

bg   20    29    32    27    42    42    39    59    55    
     20    29    32    27    42    42    39    59    55    
     20    29    32    27    42    42    39    58    55    
     20    29    32    27    42    42    39    58    55    

A3   26    78    115   30    65    73    40    61    59    
     26    78    115   30    65    73    40    61    59    
     26    78    115   30    65    73    40    61    59    
     26    78    115   30    65    73    40    61    59    

bg   20    29    32    27    43    43    39    59    55    
     20    29    32    27    43    43    39    59    56    
     20    29    32    27    43    43    39    59    56    
     20    29    32    27    43    43    39    59    56    

B1   48    55    40    100   109   60    72    89    64    
     48    55    40    100   108   60    72    89    64    
     48    55    40    100   108   60    72    89    64    
     48    55    40    100   108   60    72    89    65    

bg   20    29    32    27    43    43    39    59    56    
     20    29    32    27    43    43    39    59    56    
     20    29    32    27    43    43    39    59    55    
     20    29    32    27    43    43    39    59    55    

B2   39    73    61    70    157   113   58    100   84    
     39    73    62    70    157   113   58    100   84    
     39    73    62    70    157   113   58    100   84    
     39    73    62    70    157   112   58    100   84    

bg   20    29    32    27    42    42    39    59    55    
     20    29    32    27    42    42    39    59    55    
     20    29    32    27    42    42    39    59    55    
     20    29    32    27    42    42    39    59    55    

B3   24    51    65    33    98    128   43    84    94    
     24    51    65    33    98    127   43    84    94    
     24    52    65    33    98    127   43    84    94    
     24    52    65    33    98    127   43    84    94    

bg   20    29    32    27    42    42    39    58    55    
     20    28    32    27    42    42    39    58    55    
     20    28    32    27    42    42    39    58    55    
     20    28    32    27    42    42    39    58    55    

C1   23    32    34    59    73    53    119   134   75    
     23    32    34    59    73    53    119   134   75    
     23    32    34    59    73    53    119   134   75    
     23    32    34    59    73    53    119   134   75    

bg   20    28    32    27    42    42    38    58    55    
     20    28    32    27    42    42    38    58    55    
     20    28    32    27    42    42    38    58    55    
     20    28    32    27    42    42    38    58    55    

C2   22    32    35    46    86    73    89    179   126   
     22    32    35    46    86    73    89    179   126   
     22    32    35    46    86    73    89    179   126   
     22    32    35    46    86    73    88    179   126   

bg   20    28    32    27    42    42    38    58    54    
     20    28    32    27    42    42    38    58    54    
     20    28    32    27    42    42    38    58    54    
     20    28    32    27    42    42    38    58    54    

C3   21    31    35    30    64    76    44    111   139   
     21    30    35    30    64    76    44    111   139   
     21    30    35    30    64    76    44    111   138   
     21    30    35    30    64    76    44    111   138   

bg   20    28    32    26    42    41    38    57    54    
     20    28    32    26    42    41    38    57    54    
     20    28    32    26    42    41    38    57    54    
     20    28    32    26    42    42    38    57    54    


Trial #4-------------------------

     A1    A2    A3    B1    B2    B3    C1    C2    C3    

A1   78    76    45    54    67    49    42    61    56    
     78    76    45    54    67    49    42    61    56    
     78    76    45    54    67    49    42    61    56    
     77    76    45    54    67    49    42    61    56    

bg   20    28    32    27    42    42    38    58    54    
     20    28    32    27    42    42    38    58    54    
     20    28    32    27    42    42    38    58    54    
     20    28    32    27    42    42    38    58    54    

A2   49    116   95    43    84    69    41    62    58    
     49    115   95    43    84    69    41    62    58    
     49    115   95    42    84    69    41    62    58    
     49    115   95    42    84    69    41    62    58    

bg   20    28    32    27    42    42    38    58    54    
     20    28    32    27    42    42    38    58    54    
     20    28    32    27    42    42    38    58    54    
     20    28    32    27    42    42    38    58    54    

A3   26    78    114   30    65    72    40    60    59    
     26    78    115   30    65    73    40    60    59    
     26    78    115   30    65    73    40    60    59    
     26    78    115   30    65    73    40    60    59    

bg   20    28    32    27    42    42    38    58    55    
     20    28    32    27    42    42    38    58    55    
     20    28    32    27    42    42    39    58    55    
     20    28    32    27    42    42    39    58    55    

B1   48    55    39    99    107   59    71    88    64    
     48    55    39    99    107   59    71    88    64    
     48    55    39    99    107   59    71    88    64    
     48    55    39    99    107   59    71    88    64    

bg   20    28    32    27    42    42    39    58    55    
     20    28    32    27    42    42    39    58    55    
     20    28    32    27    42    42    39    58    55    
     20    28    32    27    42    42    39    58    55    

B2   39    73    61    70    157   112   58    100   84    
     39    73    61    70    157   112   58    100   84    
     39    73    61    70    156   112   58    100   84    
     39    73    61    70    156   112   58    100   84    

bg   20    29    32    27    42    42    39    58    55    
     20    29    32    27    42    42    39    59    55    
     20    29    32    27    42    42    39    59    55    
     20    29    32    27    42    42    39    59    55    

B3   24    51    65    33    98    128   43    84    94    
     24    51    65    33    98    128   43    84    94    
     24    52    65    33    98    127   43    84    94    
     24    52    65    33    98    127   43    84    94    

bg   20    29    32    27    42    42    39    58    55    
     20    29    32    27    42    42    39    58    55    
     20    29    32    27    42    42    39    58    55    
     20    29    32    27    42    42    39    59    55    

C1   23    32    34    59    72    53    118   134   75    
     23    32    34    59    72    53    118   134   75    
     23    32    34    59    72    53    118   134   75    
     24    32    34    59    72    53    118   133   75    

bg   21    29    32    27    42    42    39    58    55    
     21    29    32    27    42    42    39    58    55    
     21    29    32    27    42    42    39    58    55    
     20    29    32    27    42    42    39    58    55    

C2   23    32    35    47    87    74    89    180   126   
     23    32    35    47    87    74    89    180   126   
     23    32    35    47    87    74    89    179   126   
     23    32    35    47    87    74    89    179   126   

bg   21    29    32    27    42    42    39    58    55    
     21    29    32    27    42    42    39    58    55    
     21    29    32    27    42    42    39    58    55    
     21    29    32    27    42    42    39    58    55    

C3   22    31    36    30    64    77    45    112   140   
     22    31    36    30    64    77    45    112   140   
     22    31    36    30    64    77    45    112   140   
     22    31    36    30    64    77    45    112   140   

bg   21    29    32    27    42    42    39    59    55    
     21    29    32    27    42    42    39    58    55    
     21    29    32    27    42    42    39    58    55    
     21    29    32    27    42    42    39    58    55    


