Trial #1-------------------------

     A1    A2    A3    B1    B2    B3    C1    C2    C3    

A1   72    56    40    52    62    47    42    61    57    
     72    56    40    52    62    47    42    61    57    
     72    56    40    52    62    47    43    61    57    
     72    56    40    52    63    47    43    62    57    

bg   17    26    32    26    42    42    39    59    55    
     17    26    32    26    42    42    39    59    55    
     17    26    32    26    42    42    39    59    55    
     17    26    32    27    42    42    39    59    55    

A2   33    109   94    39    82    69    42    63    59    
     33    109   95    39    82    69    42    64    60    
     33    109   95    39    82    70    42    64    60    
     34    110   95    39    83    71    43    65    61    

bg   18    28    34    28    44    45    41    62    59    
     18    27    34    28    44    44    41    62    58    
     18    27    33    27    44    44    40    61    57    
     18    27    33    27    43    43    40    60    57    

A3   21    76    114   29    65    73    41    62    60    
     21    76    114   29    65    73    41    62    60    
     21    76    114   29    65    73    41    62    60    
     21    76    114   29    65    73    41    62    60    

bg   17    26    32    26    42    42    39    59    56    
     17    26    32    27    42    43    39    59    56    
     17    26    32    27    42    43    39    59    56    
     18    27    32    27    42    43    39    60    56    

B1   44    50    39    100   108   60    73    90    66    
     44    50    40    100   108   60    73    90    66    
     44    50    39    100   108   60    73    90    66    
     44    50    39    100   108   60    73    90    66    

bg   18    27    32    27    43    43    40    60    56    
     18    27    32    27    43    43    40    60    56    
     18    27    32    27    43    43    40    60    56    
     18    27    32    27    42    43    40    60    56    

B2   34    69    61    70    157   113   59    101   85    
     34    69    61    70    157   113   59    101   85    
     34    69    61    70    157   113   59    101   85    
     34    69    61    69    157   113   59    101   85    

bg   18    26    32    27    42    43    40    60    56    
     18    26    32    27    42    43    40    60    56    
     18    26    32    27    42    43    39    59    56    
     18    26    32    27    42    43    39    59    56    

B3   21    49    65    33    98    128   44    85    95    
     21    49    65    33    98    128   44    85    95    
     21    49    65    33    98    128   44    85    95    
     21    49    65    33    98    127   44    85    95    

bg   18    26    32    27    42    43    40    60    56    
     18    26    32    27    42    43    40    60    56    
     18    26    32    27    42    43    40    60    56    
     18    26    32    27    42    43    40    60    56    

C1   20    30    34    59    73    53    120   135   76    
     20    30    34    59    73    53    119   135   76    
     20    29    34    59    72    53    119   135   76    
     20    29    34    59    72    53    119   135   76    

bg   18    26    32    27    42    43    39    59    56    
     17    26    32    27    42    43    39    59    56    
     18    26    32    27    42    43    39    60    56    
     18    26    32    27    42    43    40    60    56    

C2   19    30    35    46    87    75    90    182   128   
     19    30    35    46    87    75    90    182   128   
     19    30    35    46    87    75    90    182   128   
     19    30    35    46    87    75    90    181   128   

bg   18    26    32    27    42    43    39    60    56    
     18    26    32    27    42    43    39    60    56    
     18    26    32    27    42    43    39    60    56    
     17    26    32    27    42    43    40    60    56    

C3   19    29    36    30    64    77    46    112   140   
     19    29    36    30    64    77    46    113   140   
     19    29    36    30    64    77    46    113   140   
     19    29    36    30    64    77    46    112   140   

bg   18    26    32    27    42    43    39    60    56    
     18    27    32    27    42    43    40    60    56    
     18    26    32    27    42    43    39    60    56    
     18    26    32    27    42    43    39    59    56    


Trial #2-------------------------

     A1    A2    A3    B1    B2    B3    C1    C2    C3    

A1   72    56    41    52    63    48    43    62    58    
     72    56    41    52    63    48    43    62    57    
     72    56    41    52    63    48    43    62    58    
     72    56    40    52    63    48    43    62    57    

bg   17    26    32    27    42    43    39    59    56    
     17    26    32    27    42    43    39    59    56    
     17    26    32    27    42    43    39    59    56    
     17    26    32    27    42    43    39    59    56    

A2   33    109   94    39    81    69    42    63    59    
     33    109   94    38    81    69    42    63    59    
     33    109   94    38    81    69    42    63    59    
     33    109   94    38    81    69    42    63    59    

bg   17    26    32    27    42    43    39    59    56    
     17    26    32    27    42    43    39    59    56    
     17    26    32    27    42    43    39    59    56    
     17    26    32    27    42    43    39    59    56    

A3   21    76    115   29    65    73    41    62    60    
     21    76    115   29    65    73    41    62    60    
     21    76    115   29    65    73    41    62    60    
     21    76    114   29    65    73    40    62    60    

bg   18    26    32    27    42    42    39    59    56    
     18    26    32    27    42    43    39    59    56    
     18    26    32    27    42    43    39    59    56    
     18    26    32    27    42    42    39    59    56    

B1   44    49    39    100   108   60    72    89    65    
     44    49    39    100   107   60    72    89    65    
     44    49    39    100   107   60    72    89    65    
     44    49    39    100   107   60    72    89    65    

bg   18    26    32    27    42    42    39    59    56    
     18    26    32    27    42    42    39    59    56    
     18    26    32    27    42    42    39    59    56    
     18    26    32    27    42    42    39    59    56    

B2   34    69    61    70    157   113   59    101   85    
     34    69    61    70    157   113   59    101   85    
     34    69    61    70    157   113   59    101   85    
     34    69    61    70    156   113   59    101   85    

bg   18    26    32    27    42    42    39    59    56    
     18    26    32    27    42    42    39    59    56    
     18    26    32    27    42    42    39    59    56    
     18    26    32    27    42    42    39    59    56    

B3   21    49    65    33    98    128   44    85    95    
     21    49    65    33    98    127   44    85    95    
     21    49    65    33    98    127   44    85    95    
     21    49    65    33    98    127   44    85    94    

bg   18    26    32    27    42    42    39    59    55    
     18    26    32    27    42    42    39    59    56    
     18    26    32    27    42    42    39    59    55    
     18    26    32    27    42    42    39    59    55    

C1   21    29    34    59    72    53    119   135   76    
     21    29    34    59    72    53    119   134   76    
     21    29    34    59    72    53    119   134   75    
     21    29    34    59    72    53    119   134   75    

bg   17    26    32    26    42    42    39    59    55    
     17    26    32    26    42    42    39    59    55    
     17    26    32    26    42    42    39    59    55    
     17    26    32    26    42    42    39    59    55    

C2   19    29    35    46    86    74    89    181   127   
     19    29    35    46    86    74    89    181   127   
     19    29    35    46    86    74    89    180   127   
     19    29    35    46    86    74    89    180   127   

bg   17    26    32    26    42    42    39    59    55    
     17    26    32    26    42    42    39    59    55    
     17    26    32    26    42    42    39    59    55    
     17    26    32    26    42    42    39    59    55    

C3   18    28    35    29    64    76    45    112   139   
     18    28    35    29    64    76    45    112   139   
     18    28    35    29    64    76    45    111   139   
     18    28    35    29    64    76    45    111   139   

bg   17    26    32    26    42    42    39    58    55    
     17    26    32    26    42    42    39    59    55    
     17    26    32    26    42    42    39    59    55    
     17    26    32    26    42    42    39    59    55    


Trial #3-------------------------

     A1    A2    A3    B1    B2    B3    C1    C2    C3    

A1   72    56    40    52    63    47    43    61    57    
     72    56    40    52    63    47    43    61    57    
     72    56    40    52    62    47    43    61    57    
     71    56    40    52    62    47    43    61    57    

bg   17    26    31    26    41    42    39    58    55    
     17    26    31    26    41    42    39    58    55    
     17    26    31    26    41    42    39    58    55    
     17    26    32    26    41    42    39    58    55    

A2   33    109   94    38    81    68    41    62    58    
     33    109   94    38    81    68    41    62    58    
     33    109   94    38    81    68    41    62    58    
     33    109   93    38    81    68    41    62    58    

bg   17    26    31    26    41    42    39    58    55    
     17    26    31    26    41    42    39    58    55    
     17    26    31    26    41    42    39    58    55    
     17    26    31    26    41    42    39    58    55    

A3   21    76    114   29    64    73    40    61    59    
     21    76    114   29    64    73    40    61    59    
     21    76    114   29    64    73    40    61    59    
     21    75    114   29    64    73    40    61    59    

bg   17    26    31    26    41    42    39    58    55    
     17    26    31    26    41    42    39    58    55    
     17    26    31    26    41    42    39    58    55    
     17    26    31    26    41    42    39    58    55    

B1   43    48    38    98    106   59    71    88    63    
     43    49    38    98    106   59    71    88    63    
     43    49    38    98    106   59    71    88    63    
     43    48    38    98    106   59    71    88    63    

bg   17    26    31    26    41    42    38    58    55    
     17    26    31    26    41    42    38    58    55    
     17    26    31    26    41    42    38    58    55    
     17    26    31    26    41    42    38    58    54    

B2   33    68    60    68    155   112   58    99    83    
     33    68    60    68    155   112   57    99    83    
     33    68    60    68    155   111   57    99    83    
     33    68    60    68    155   111   57    99    83    

bg   17    26    31    26    41    42    38    58    54    
     17    26    31    26    41    42    38    58    54    
     17    26    31    26    41    42    38    58    55    
     17    26    31    26    41    42    38    58    55    

B3   20    48    64    32    97    127   43    84    94    
     20    49    64    32    97    127   43    84    93    
     20    49    64    32    97    126   43    84    93    
     20    49    64    32    97    126   43    83    93    

bg   17    26    31    26    41    41    38    58    54    
     17    26    31    26    41    41    38    58    54    
     17    26    31    26    41    41    38    57    54    
     17    26    31    26    41    41    38    57    54    

C1   20    28    33    58    71    52    118   133   74    
     20    28    33    58    71    52    118   133   74    
     20    28    33    58    71    52    118   133   74    
     20    28    33    58    71    52    118   133   74    

bg   17    25    31    26    41    41    38    57    54    
     17    26    31    26    41    41    38    57    54    
     17    26    31    26    41    41    38    57    54    
     17    26    31    26    41    41    38    57    54    

C2   19    29    34    45    85    73    88    179   125   
     19    29    34    45    85    73    88    178   125   
     19    29    34    45    85    73    88    178   125   
     19    29    34    45    85    73    88    178   125   

bg   17    25    31    26    41    41    38    57    54    
     17    25    31    26    41    41    38    57    54    
     17    25    31    26    41    41    38    57    54    
     17    25    31    26    41    41    38    57    54    

C3   18    28    34    29    63    76    44    110   138   
     18    28    34    29    63    76    44    110   138   
     18    28    34    29    63    76    44    110   138   
     18    28    34    29    63    76    44    110   138   

bg   17    25    31    26    41    41    38    57    54    
     17    25    31    26    41    41    38    57    54    
     17    25    31    26    41    41    38    57    54    
     17    25    31    26    41    41    38    57    54    


Trial #4-------------------------

     A1    A2    A3    B1    B2    B3    C1    C2    C3    

A1   72    56    39    51    62    46    42    60    55    
     71    56    39    51    61    46    42    60    55    
     71    56    39    51    61    46    41    60    55    
     71    55    39    51    61    46    41    60    55    

bg   17    25    31    25    40    41    38    57    53    
     17    25    31    25    40    41    37    56    53    
     17    25    30    25    40    41    37    56    53    
     17    25    31    25    40    41    37    56    53    

A2   32    108   93    37    79    67    40    60    56    
     32    108   93    37    79    67    40    60    56    
     32    108   93    37    79    67    40    60    56    
     32    108   92    37    79    67    40    60    56    

bg   16    25    30    25    40    40    37    56    53    
     16    25    30    25    40    40    37    56    53    
     17    25    30    25    40    40    37    56    53    
     17    25    30    25    40    40    37    56    53    

A3   20    74    113   28    63    71    39    59    57    
     20    74    113   28    63    71    39    59    57    
     20    74    112   28    63    71    39    59    57    
     20    74    112   28    62    71    38    58    57    

bg   16    25    30    25    40    40    37    56    52    
     16    25    30    25    40    40    37    56    52    
     16    25    30    25    40    40    37    56    52    
     16    25    30    25    40    40    37    56    53    

B1   43    48    37    98    105   57    70    86    62    
     43    48    37    98    105   57    70    86    62    
     43    48    37    98    105   57    70    86    62    
     43    48    37    98    105   57    70    86    62    

bg   17    25    30    25    40    40    37    56    53    
     17    25    30    25    40    40    37    56    53    
     17    25    30    25    40    40    37    56    53    
     17    25    30    25    40    40    37    56    53    

B2   33    67    59    68    154   110   56    98    82    
     33    67    59    68    154   110   56    98    82    
     33    67    59    68    154   110   56    98    82    
     33    67    59    68    154   110   56    98    82    

bg   17    25    30    25    40    40    37    56    53    
     17    25    30    25    40    40    37    56    53    
     17    25    30    25    40    40    37    56    53    
     17    25    30    25    40    40    37    56    53    

B3   20    48    63    32    96    125   42    82    92    
     20    48    63    32    96    125   42    82    92    
     20    48    63    32    96    125   42    82    92    
     20    48    63    32    96    125   42    82    92    

bg   17    25    30    25    40    40    37    56    53    
     17    25    30    25    40    40    37    56    53    
     17    25    30    25    40    40    37    56    53    
     17    25    30    25    40    41    37    56    53    

C1   20    28    32    58    71    51    118   133   73    
     20    28    32    58    71    51    118   132   73    
     20    28    32    58    70    51    118   132   73    
     20    28    32    58    70    51    118   132   73    

bg   17    25    30    25    40    40    37    56    53    
     17    25    30    25    40    40    37    56    53    
     17    25    30    25    40    40    37    56    53    
     17    25    30    25    40    40    37    56    53    

C2   18    28    33    45    84    72    87    177   124   
     18    28    33    45    84    72    87    177   124   
     18    28    33    45    84    72    87    177   124   
     18    28    33    45    84    72    87    177   124   

bg   17    25    30    25    40    40    37    56    53    
     17    25    30    25    40    40    37    56    53    
     16    25    30    25    40    40    37    56    53    
     17    25    30    25    40    40    37    56    53    

C3   18    27    34    28    62    75    43    109   138   
     18    27    34    28    62    75    43    109   138   
     18    27    34    28    62    75    43    109   137   
     18    27    34    28    62    75    43    109   137   

bg   17    25    30    25    40    40    37    56    53    
     17    25    30    25    40    40    37    56    53    
     17    25    30    25    40    40    37    56    53    
     17    25    30    25    40    40    37    56    53    


