Trial #1-------------------------

     A1    A2    A3    B1    B2    B3    C1    C2    C3    

A1   106   111   63    65    79    64    58    84    78    
     105   111   63    65    79    64    58    84    78    
     105   111   63    65    79    64    57    84    78    
     104   111   63    65    79    64    57    84    78    

bg   31    43    45    36    53    56    53    80    76    
     31    43    45    36    53    56    53    80    76    
     31    43    45    36    53    56    53    80    76    
     32    43    45    36    53    56    54    80    76    

A2   75    149   111   52    91    82    56    84    79    
     75    149   111   52    91    82    56    84    79    
     75    149   111   52    91    82    56    84    79    
     75    149   111   52    91    82    56    84    79    

bg   31    43    45    36    53    56    53    80    76    
     31    43    45    36    53    56    53    80    76    
     31    43    45    36    53    56    53    81    76    
     31    43    45    36    53    56    53    81    76    

A3   38    93    127   39    75    86    55    83    80    
     38    93    127   39    75    86    55    83    80    
     38    93    127   39    75    86    55    83    80    
     38    93    126   39    75    86    55    83    80    

bg   31    42    45    36    53    56    53    80    76    
     31    42    45    36    53    56    53    80    76    
     31    42    45    36    53    56    53    80    76    
     31    42    45    36    53    56    53    80    76    

B1   59    67    51    104   105   69    84    108   84    
     59    67    51    104   105   69    85    108   83    
     59    67    51    104   105   69    85    108   83    
     59    67    50    105   105   69    85    108   83    

bg   32    43    44    36    53    56    54    80    76    
     32    43    44    36    53    56    53    80    76    
     31    42    44    36    53    56    53    80    76    
     31    42    44    36    53    56    53    80    76    

B2   46    78    69    68    135   116   69    116   101   
     46    78    69    68    135   116   69    116   101   
     46    78    69    68    135   116   69    116   101   
     46    78    69    68    134   116   69    116   101   

bg   31    42    44    36    53    56    53    80    76    
     31    42    44    36    53    56    53    80    75    
     31    42    44    36    53    56    53    80    75    
     31    42    44    36    53    56    53    80    75    

B3   34    63    76    39    101   138   56    104   113   
     34    63    76    39    101   138   56    103   114   
     34    63    76    39    101   138   56    103   114   
     34    63    76    39    101   138   56    103   114   

bg   31    42    44    35    52    55    53    79    75    
     31    42    44    35    52    55    53    79    75    
     31    42    44    35    52    55    53    79    75    
     31    42    44    35    52    55    53    79    75    

C1   34    45    45    67    80    65    133   155   94    
     34    45    45    67    80    65    133   154   94    
     34    45    45    67    80    65    132   154   94    
     34    45    45    67    80    65    132   154   94    

bg   31    41    43    35    51    55    52    78    74    
     30    41    43    35    51    54    52    78    74    
     31    41    43    35    51    55    52    78    74    
     31    41    43    35    51    55    52    78    74    

C2   33    45    46    53    92    85    102   199   145   
     33    45    46    53    92    85    102   199   145   
     33    45    46    53    92    85    102   199   144   
     33    45    46    53    92    85    102   198   144   

bg   31    42    44    35    52    55    52    79    74    
     31    42    44    35    52    55    52    79    75    
     31    42    44    35    52    55    52    79    75    
     31    42    44    35    52    55    52    79    75    

C3   32    44    47    38    73    90    58    132   160   
     32    44    47    38    73    89    58    132   159   
     32    44    47    38    73    89    59    132   159   
     32    44    47    38    73    89    59    132   159   

bg   31    42    44    35    52    55    52    79    74    
     31    42    44    35    52    55    52    79    74    
     31    42    44    35    52    55    52    78    74    
     31    42    44    35    52    55    52    78    74    


Trial #2-------------------------

     A1    A2    A3    B1    B2    B3    C1    C2    C3    

A1   105   110   62    64    78    62    56    82    76    
     104   110   62    64    78    62    56    82    76    
     104   110   61    64    78    62    56    82    76    
     104   110   61    64    78    63    56    82    76    

bg   31    42    44    35    52    55    53    79    75    
     31    42    44    36    53    55    53    80    75    
     32    43    45    36    53    57    54    81    76    
     32    44    46    37    54    58    55    83    78    

A2   77    151   113   54    93    84    58    87    83    
     76    150   112   53    92    84    57    86    81    
     75    150   112   52    91    83    56    85    80    
     75    149   111   52    90    82    55    83    79    

bg   31    42    44    35    52    55    52    79    74    
     31    42    43    35    52    55    52    78    74    
     31    41    43    35    52    55    52    78    74    
     31    41    43    35    52    55    52    78    74    

A3   37    92    126   38    73    85    53    81    78    
     37    92    126   37    73    85    53    80    78    
     37    91    126   37    73    85    53    80    78    
     37    91    126   37    73    85    53    80    78    

bg   30    41    43    34    51    54    51    77    73    
     30    41    43    34    51    54    51    77    73    
     30    41    43    34    51    54    51    77    73    
     30    41    43    34    51    54    51    77    73    

B1   58    65    49    103   102   66    83    105   80    
     58    65    49    103   102   66    83    105   80    
     58    65    49    103   102   66    82    105   80    
     58    65    49    102   102   66    82    104   80    

bg   30    41    43    34    51    54    51    77    73    
     30    41    43    34    50    54    51    77    73    
     30    41    43    34    50    54    51    77    73    
     30    41    43    34    50    53    51    77    73    

B2   45    76    67    67    133   113   67    113   98    
     45    76    67    67    132   113   67    112   98    
     45    76    67    67    132   113   67    112   98    
     45    76    67    66    132   113   67    112   98    

bg   30    40    42    34    50    53    51    76    72    
     30    40    42    34    50    53    51    76    72    
     30    40    42    34    50    53    51    76    72    
     30    40    42    34    50    53    51    76    72    

B3   32    61    74    37    98    135   54    100   110   
     32    61    74    37    98    135   54    100   110   
     32    61    74    37    98    135   54    99    110   
     32    61    74    37    98    134   53    99    109   

bg   30    40    42    34    50    53    50    76    71    
     30    40    42    34    50    53    51    76    72    
     30    40    42    34    50    53    51    76    72    
     30    40    42    34    50    53    51    76    72    

C1   33    43    44    65    78    63    130   151   92    
     33    43    44    65    78    63    130   151   92    
     33    43    44    65    78    63    129   151   92    
     33    43    44    65    78    63    129   150   92    

bg   30    40    42    33    50    53    50    75    71    
     30    40    42    34    50    53    50    75    71    
     30    40    42    34    50    53    50    75    71    
     30    40    42    34    50    53    50    75    71    

C2   32    43    44    52    90    82    100   196   142   
     32    43    44    52    90    82    100   195   142   
     32    43    44    51    90    82    99    195   142   
     32    43    44    51    90    82    99    195   142   

bg   29    40    42    33    49    52    50    75    71    
     29    40    42    33    49    52    50    75    71    
     29    40    42    33    49    52    50    75    71    
     29    40    42    33    49    52    50    75    71    

C3   31    43    45    37    71    87    56    129   155   
     31    43    46    37    72    87    57    129   156   
     31    43    46    37    72    87    57    130   156   
     31    43    46    37    72    87    57    130   156   

bg   30    40    42    34    50    53    50    76    72    
     30    40    42    34    50    53    50    76    72    
     30    40    42    34    50    53    50    76    72    
     29    40    42    33    50    53    50    75    71    


Trial #3-------------------------

     A1    A2    A3    B1    B2    B3    C1    C2    C3    

A1   103   108   59    63    75    60    54    78    73    
     103   108   59    63    75    60    54    78    73    
     103   108   59    63    75    60    54    78    73    
     103   108   59    63    75    60    54    78    73    

bg   29    40    41    33    49    52    50    75    71    
     29    40    41    33    49    52    50    75    71    
     29    40    42    33    49    52    50    75    71    
     29    40    42    33    50    53    50    75    71    

A2   74    147   109   50    88    79    53    79    75    
     74    147   109   50    88    79    53    79    75    
     74    147   109   50    88    79    53    79    75    
     73    147   108   50    88    79    53    79    74    

bg   29    40    41    33    49    52    50    75    71    
     29    40    41    33    49    52    50    75    71    
     29    40    41    33    49    52    50    75    71    
     29    40    41    33    49    52    50    75    70    

A3   36    90    125   36    71    83    51    77    75    
     36    90    125   36    71    83    51    77    75    
     36    90    125   36    71    83    51    77    75    
     36    90    125   36    71    83    51    77    75    

bg   29    40    41    33    49    52    50    75    71    
     29    40    41    33    49    52    50    75    71    
     29    40    41    33    49    52    50    75    71    
     29    40    41    33    49    52    50    75    71    

B1   57    64    47    102   101   65    81    102   78    
     57    64    47    102   101   65    81    102   78    
     57    64    47    101   101   65    81    102   78    
     57    64    47    101   101   65    80    102   78    

bg   29    40    42    33    49    52    50    75    71    
     29    40    42    33    49    52    50    75    71    
     29    40    42    33    49    52    50    75    71    
     29    40    42    33    49    52    50    75    71    

B2   45    76    67    66    132   113   66    112   97    
     45    75    66    66    132   113   66    112   97    
     45    75    66    66    132   112   66    111   96    
     45    75    66    66    131   112   66    111   96    

bg   29    40    41    33    49    52    50    75    71    
     29    40    41    33    49    52    50    75    71    
     29    40    41    33    49    52    50    75    71    
     29    40    41    33    49    52    50    75    71    

B3   32    60    73    37    98    134   53    99    109   
     32    60    73    37    98    133   53    99    108   
     32    60    73    37    98    133   53    99    108   
     32    60    73    37    98    133   53    99    108   

bg   29    40    41    33    49    52    50    75    71    
     29    40    41    33    49    52    50    75    71    
     29    40    42    33    49    52    50    75    71    
     29    40    42    33    49    52    50    75    71    

C1   32    43    43    64    77    62    129   149   91    
     32    43    43    65    77    62    129   149   91    
     32    43    43    65    77    62    129   149   91    
     33    43    43    65    77    62    129   149   91    

bg   29    40    42    33    49    52    50    75    71    
     29    40    42    33    49    52    50    75    71    
     29    40    42    33    49    52    50    75    71    
     29    40    42    33    49    52    50    75    71    

C2   31    43    44    51    90    82    99    196   142   
     31    43    44    51    90    83    99    195   142   
     31    43    44    51    90    83    99    195   142   
     32    43    44    51    90    83    99    195   142   

bg   29    40    42    33    49    52    50    75    71    
     29    40    42    33    49    52    50    75    71    
     29    40    42    33    49    52    50    75    71    
     29    40    42    33    49    52    50    75    71    

C3   31    42    45    36    71    86    56    128   155   
     31    42    45    36    71    87    56    128   155   
     31    42    45    36    71    87    56    128   156   
     31    42    45    36    71    87    56    128   156   

bg   29    40    42    33    49    52    50    75    71    
     29    40    42    33    49    52    50    75    71    
     29    40    42    33    49    52    50    75    71    
     29    40    42    33    49    52    50    75    71    


Trial #4-------------------------

     A1    A2    A3    B1    B2    B3    C1    C2    C3    

A1   104   108   59    63    75    60    54    78    73    
     103   108   59    63    75    60    54    78    73    
     103   108   59    63    75    60    54    78    73    
     103   108   59    62    75    60    54    78    73    

bg   29    40    42    33    49    52    50    75    71    
     29    40    42    33    49    52    50    75    71    
     29    40    42    33    49    52    50    75    71    
     29    40    42    33    49    52    50    75    71    

A2   74    147   108   50    87    79    52    79    74    
     74    147   108   50    88    79    53    79    74    
     74    147   108   50    88    79    53    79    74    
     74    147   108   50    88    78    53    79    74    

bg   29    40    42    33    49    52    50    75    71    
     29    40    42    33    49    52    50    75    71    
     29    40    42    33    49    52    50    75    71    
     29    40    42    33    49    52    50    75    71    

A3   36    90    125   36    71    83    51    77    75    
     36    90    125   36    71    83    51    77    75    
     36    90    124   36    71    83    51    77    75    
     36    90    124   36    71    82    51    77    75    

bg   29    40    41    33    49    52    50    75    71    
     29    40    41    33    49    52    50    75    71    
     29    40    41    33    49    52    50    75    71    
     29    40    41    33    49    52    50    75    71    

B1   57    64    47    101   101   65    81    102   78    
     57    64    47    101   101   65    81    102   78    
     57    64    48    101   101   65    81    102   78    
     57    64    48    101   101   65    81    102   78    

bg   29    40    42    33    49    52    50    75    71    
     29    40    42    33    49    52    50    75    71    
     29    40    42    33    49    52    50    75    71    
     29    40    41    33    49    52    50    75    71    

B2   44    75    66    66    131   112   66    111   96    
     44    75    66    66    131   112   66    111   96    
     44    75    66    66    131   112   66    111   96    
     44    75    66    66    131   112   65    110   96    

bg   29    39    41    33    49    52    49    74    70    
     29    39    41    33    49    52    49    74    70    
     29    39    41    33    49    52    49    74    70    
     29    39    41    33    49    52    49    74    70    

B3   32    60    73    37    97    133   53    98    108   
     32    60    73    37    97    133   53    98    108   
     32    60    73    37    97    133   53    98    108   
     32    60    73    37    97    133   53    98    108   

bg   29    39    41    33    49    52    49    74    70    
     29    39    41    33    49    52    49    74    70    
     29    39    41    33    49    52    49    74    70    
     29    39    41    33    49    52    49    74    70    

C1   32    42    43    65    77    61    129   149   90    
     32    42    43    65    77    61    129   149   90    
     32    42    43    65    77    61    129   149   90    
     32    42    43    65    77    61    129   149   90    

bg   29    39    41    33    49    51    49    74    70    
     29    39    41    33    49    51    49    74    70    
     29    39    41    33    48    51    49    74    70    
     29    39    41    33    48    51    49    74    70    

C2   31    42    43    51    88    81    98    193   140   
     31    42    43    51    88    81    98    193   140   
     31    42    43    51    88    81    98    193   139   
     31    42    43    51    88    81    98    193   139   

bg   29    39    41    33    48    51    49    73    69    
     29    39    41    33    48    51    49    73    69    
     29    39    41    33    48    51    49    73    69    
     29    39    41    32    48    51    49    73    69    

C3   30    41    44    35    69    86    55    126   154   
     30    41    44    35    70    86    55    126   155   
     30    41    44    36    70    86    55    126   154   
     30    41    44    36    70    86    55    126   154   

bg   29    39    40    32    48    51    49    73    69    
     29    39    40    32    48    51    49    73    69    
     29    39    40    32    48    51    49    73    69    
     29    39    40    32    48    51    49    73    69    


