Trial #1-------------------------

     A1    A2    A3    B1    B2    B3    C1    C2    C3    

A1   106   110   59    68    78    50    57    80    72    
     106   110   59    68    78    50    57    80    73    
     105   110   59    68    78    50    57    80    73    
     105   110   59    68    78    50    57    80    73    

bg   32    40    40    37    48    42    53    77    71    
     32    40    40    38    48    42    53    77    71    
     32    40    40    38    48    42    53    77    70    
     32    40    40    38    48    42    53    77    70    

A2   78    151   108   57    93    65    56    81    73    
     78    151   108   57    93    65    56    81    73    
     78    151   108   57    93    65    56    81    73    
     78    151   108   57    93    65    56    81    73    

bg   31    40    40    37    48    42    53    77    71    
     31    40    40    37    48    42    53    77    70    
     31    40    40    37    48    42    53    77    70    
     31    40    40    37    48    42    53    76    70    

A3   38    90    120   40    67    65    54    78    73    
     38    89    120   40    66    65    54    77    72    
     38    89    120   40    66    65    53    77    72    
     38    89    120   40    66    65    53    77    72    

bg   31    39    39    36    47    41    51    74    68    
     30    39    39    36    46    41    51    74    68    
     30    38    39    36    46    41    51    74    68    
     30    38    39    36    46    41    51    74    68    

B1   60    67    46    109   112   55    83    103   75    
     60    67    46    109   111   55    83    103   75    
     60    67    46    109   111   55    83    102   75    
     60    67    45    109   111   55    82    102   74    

bg   29    37    37    35    45    39    49    71    65    
     29    37    37    35    44    39    49    71    65    
     29    37    37    34    44    39    49    71    65    
     29    37    37    34    44    39    48    70    65    

B2   49    79    60    77    147   76    67    107   83    
     49    79    60    76    147   75    66    106   82    
     49    79    59    76    146   75    66    106   82    
     49    78    59    76    146   75    66    105   81    

bg   28    35    35    33    42    37    47    67    62    
     28    35    35    33    42    37    47    67    62    
     28    35    35    33    42    37    46    67    61    
     28    35    35    33    42    37    46    67    61    

B3   30    50    59    38    70    83    49    81    85    
     30    50    59    38    70    83    49    81    85    
     30    50    59    38    70    82    49    80    85    
     30    50    58    38    70    82    49    80    85    

bg   27    34    34    32    41    36    45    65    60    
     27    34    34    32    41    36    45    65    59    
     27    34    34    32    41    36    45    65    59    
     27    34    34    32    41    36    45    65    59    

C1   30    37    35    64    70    45    125   140   79    
     30    37    35    64    70    45    124   140   79    
     30    37    35    64    70    45    124   139   79    
     30    37    35    63    70    45    123   139   79    

bg   26    33    33    31    40    35    44    64    59    
     26    33    33    31    40    35    44    64    59    
     26    33    33    31    40    35    44    64    58    
     26    33    33    31    40    35    44    64    58    

C2   29    37    35    50    80    57    94    183   126   
     29    37    35    50    80    56    94    183   126   
     28    37    35    50    80    56    94    182   125   
     28    36    35    50    80    56    94    182   125   

bg   26    32    33    30    39    34    43    62    57    
     26    32    33    30    39    34    43    62    57    
     26    33    33    30    39    35    43    63    57    
     26    33    33    31    39    35    43    63    58    

C3   27    35    36    34    53    57    50    113   138   
     27    35    36    34    53    57    50    113   138   
     27    35    36    34    53    56    50    113   137   
     27    35    36    34    53    56    50    113   137   

bg   26    33    33    31    40    35    44    63    58    
     26    33    33    31    40    35    44    63    58    
     26    33    33    31    40    35    44    63    58    
     26    33    33    31    40    35    43    63    58    


Trial #2-------------------------

     A1    A2    A3    B1    B2    B3    C1    C2    C3    

A1   100   103   52    61    70    43    47    66    59    
     100   103   51    61    70    43    47    66    59    
     100   103   51    61    70    43    47    66    59    
     100   103   51    61    69    42    47    66    59    

bg   26    33    33    31    39    35    43    63    57    
     26    33    33    31    39    34    43    63    57    
     26    33    33    31    39    34    43    63    57    
     26    33    33    31    39    34    43    63    57    

A2   72    143   100   50    84    57    46    67    60    
     72    143   100   50    84    57    46    67    60    
     72    143   100   50    84    57    46    67    60    
     72    143   100   50    84    57    46    67    60    

bg   26    33    33    31    39    35    43    63    57    
     26    33    33    31    39    35    43    63    57    
     26    33    33    31    39    34    43    63    57    
     26    33    33    31    39    34    43    63    57    

A3   33    83    114   34    58    58    44    64    60    
     33    82    114   34    58    58    44    64    60    
     33    82    114   34    58    58    44    64    60    
     33    82    114   33    58    58    44    64    60    

bg   26    32    32    30    39    34    43    62    57    
     26    32    32    30    39    34    43    62    57    
     26    32    32    30    39    34    43    62    57    
     26    32    32    30    39    34    43    62    57    

B1   56    61    40    105   105   49    76    92    65    
     56    61    40    104   105   49    76    92    65    
     56    61    40    104   105   49    76    92    65    
     56    61    40    104   105   49    76    92    65    

bg   26    32    32    30    39    34    43    62    57    
     26    32    32    30    39    34    43    62    57    
     26    32    32    30    39    34    43    62    57    
     26    32    32    30    39    34    43    62    57    

B2   46    75    56    73    142   71    62    99    75    
     46    75    56    73    142   71    62    99    75    
     46    75    56    73    142   71    62    99    75    
     46    75    56    73    141   71    62    99    75    

bg   26    32    32    30    39    34    43    62    57    
     26    32    32    30    39    34    43    62    57    
     26    32    32    30    39    34    43    62    57    
     26    32    32    30    39    34    43    62    57    

B3   29    48    57    36    67    80    46    77    81    
     29    48    57    36    67    80    46    76    81    
     29    48    56    36    67    80    46    76    81    
     29    47    56    36    67    80    46    76    81    

bg   25    32    32    30    38    34    42    61    56    
     25    32    32    30    38    34    42    61    56    
     26    32    32    30    39    34    43    62    56    
     26    32    32    30    39    34    43    62    56    

C1   29    36    34    62    69    43    122   137   77    
     29    36    34    62    69    43    122   137   77    
     29    36    34    62    69    43    122   137   77    
     29    36    34    62    69    43    121   137   77    

bg   26    32    32    30    39    34    43    62    57    
     26    32    32    30    39    34    43    62    56    
     26    32    32    30    39    34    43    62    56    
     26    32    32    30    39    34    43    62    56    

C2   28    36    35    50    79    56    93    182   125   
     28    36    35    50    79    56    93    182   125   
     28    36    35    50    79    56    93    182   125   
     28    36    35    50    80    56    93    182   125   

bg   26    32    32    30    39    34    43    62    57    
     26    32    32    30    39    34    43    62    57    
     26    32    32    30    39    34    43    62    57    
     26    32    32    30    39    34    43    62    57    

C3   27    34    35    33    52    56    49    111   136   
     27    34    35    33    52    56    49    111   136   
     27    34    35    33    52    56    49    111   136   
     27    34    35    33    52    56    49    111   136   

bg   25    32    32    30    39    34    43    62    57    
     25    32    32    30    39    34    43    62    57    
     25    32    32    30    39    34    43    62    57    
     25    32    32    30    39    34    43    62    57    


Trial #3-------------------------

     A1    A2    A3    B1    B2    B3    C1    C2    C3    

A1   100   103   51    61    69    42    47    65    58    
     100   103   51    61    69    42    47    65    58    
     100   103   51    61    69    42    47    65    58    
     100   103   51    61    69    42    47    65    59    

bg   26    33    33    31    40    35    44    63    58    
     26    33    33    31    40    35    44    63    58    
     26    33    33    31    40    35    44    63    58    
     26    33    33    31    40    35    44    63    58    

A2   72    144   100   50    85    57    46    67    60    
     72    143   100   50    84    57    46    67    60    
     72    143   100   50    84    57    46    66    60    
     72    143   100   50    84    57    46    66    60    

bg   26    32    32    30    39    34    43    62    57    
     26    32    32    30    39    34    43    62    57    
     26    32    33    30    39    34    43    62    57    
     26    32    33    30    39    34    43    62    57    

A3   32    82    114   33    58    58    44    64    60    
     32    82    114   33    58    58    44    64    60    
     32    82    114   33    58    58    44    64    60    
     32    82    114   33    58    58    44    64    60    

bg   26    32    32    30    39    34    43    62    57    
     26    32    32    30    39    34    43    62    56    
     26    32    32    30    39    34    43    62    56    
     26    32    32    30    39    34    43    62    56    

B1   56    61    40    104   105   49    76    92    65    
     56    61    40    104   105   49    75    92    65    
     55    61    40    104   105   49    75    92    65    
     55    61    40    103   105   49    75    91    65    

bg   25    32    32    30    38    34    42    61    56    
     25    32    32    30    38    34    42    61    56    
     25    32    32    30    38    34    42    61    56    
     25    32    32    30    39    34    42    61    56    

B2   46    75    56    73    142   71    62    99    75    
     46    75    56    73    142   71    62    99    75    
     46    75    56    73    142   71    62    99    75    
     46    75    56    73    141   71    62    99    75    

bg   25    32    32    30    39    34    42    62    56    
     25    32    32    30    39    34    42    61    56    
     25    32    32    30    39    34    42    61    56    
     25    32    32    30    39    34    42    61    56    

B3   29    47    56    36    67    80    46    76    81    
     29    47    56    36    67    80    46    76    81    
     29    47    56    36    66    80    46    76    81    
     29    48    56    36    66    80    46    76    81    

bg   26    32    32    30    39    34    43    62    56    
     26    32    32    30    39    34    43    62    56    
     26    32    32    30    39    34    43    62    56    
     26    32    32    30    39    34    43    62    57    

C1   29    36    34    62    69    43    122   137   77    
     29    36    34    62    69    43    122   137   77    
     29    36    34    62    69    43    122   137   76    
     29    36    34    62    69    43    122   137   76    

bg   26    32    32    30    39    34    43    62    56    
     26    32    32    30    39    34    43    62    56    
     26    32    32    30    39    34    43    62    56    
     26    32    32    30    39    34    43    62    56    

C2   28    36    35    50    80    56    93    182   125   
     28    36    35    50    80    56    93    182   125   
     28    36    35    50    80    56    93    182   125   
     28    36    35    50    80    56    93    182   125   

bg   26    32    32    30    39    34    43    62    57    
     26    32    32    30    39    34    43    62    57    
     26    32    32    30    39    34    43    62    57    
     26    32    32    30    39    34    43    62    57    

C3   27    34    35    33    53    56    49    112   137   
     27    34    35    33    53    56    49    112   137   
     27    34    35    33    53    56    49    112   137   
     27    34    35    33    53    56    49    112   137   

bg   26    32    32    30    39    34    43    62    57    
     26    32    32    30    39    34    43    62    57    
     26    32    32    30    39    34    43    62    57    
     26    32    32    30    39    34    43    62    57    


Trial #4-------------------------

     A1    A2    A3    B1    B2    B3    C1    C2    C3    

A1   100   103   51    61    69    42    47    65    58    
     100   103   51    61    69    42    47    65    58    
     100   102   51    61    69    42    47    65    58    
     100   102   51    61    69    42    47    65    58    

bg   26    32    32    30    39    34    43    62    57    
     26    32    32    30    39    34    43    62    57    
     26    32    32    30    39    34    43    62    57    
     26    32    33    30    39    34    43    62    57    

A2   72    143   100   50    84    57    46    66    60    
     72    143   100   50    84    57    46    66    60    
     72    143   100   50    84    57    46    66    60    
     72    143   100   50    84    57    46    66    60    

bg   26    33    33    31    39    34    43    62    57    
     26    33    33    31    39    34    43    63    57    
     26    33    33    31    39    34    43    63    57    
     26    33    33    31    39    35    43    63    57    

A3   33    83    115   34    59    59    45    65    61    
     33    83    115   34    59    59    45    65    61    
     33    83    114   34    59    58    45    65    61    
     33    82    114   34    59    58    45    65    61    

bg   26    33    33    31    39    34    43    63    57    
     26    33    33    31    39    34    43    63    57    
     26    33    33    31    39    34    43    63    57    
     26    33    33    31    39    34    43    63    57    

B1   56    61    41    104   105   50    76    92    66    
     55    61    41    103   105   50    75    92    66    
     55    61    40    103   105   50    75    92    66    
     55    61    40    103   105   49    75    92    65    

bg   26    32    33    30    39    34    43    62    57    
     26    33    33    30    39    34    43    62    57    
     26    33    33    31    39    34    43    62    57    
     26    33    33    31    39    34    43    62    57    

B2   46    76    56    74    142   71    62    100   76    
     46    76    56    74    142   71    62    100   76    
     46    76    56    74    142   72    62    100   76    
     46    76    56    74    143   72    62    100   76    

bg   26    33    33    31    40    35    44    63    58    
     26    33    33    31    40    35    44    63    58    
     26    33    33    31    40    35    44    63    58    
     26    33    33    31    40    35    44    64    58    

B3   30    49    57    37    68    81    48    79    83    
     30    49    57    37    68    81    48    79    83    
     30    49    57    37    68    81    48    79    83    
     30    49    58    37    68    81    48    79    83    

bg   27    34    34    31    41    36    45    65    59    
     27    34    34    32    41    36    45    65    59    
     27    34    34    32    41    36    45    65    60    
     27    34    34    32    41    36    45    65    60    

C1   31    38    36    64    71    45    125   141   80    
     31    38    36    65    71    46    126   141   80    
     31    38    36    65    71    46    126   142   80    
     31    38    36    65    71    46    126   142   80    

bg   27    35    35    32    41    36    46    66    61    
     27    35    35    32    42    36    46    66    61    
     27    35    35    32    42    37    46    66    61    
     27    35    35    32    42    37    46    66    61    

C2   30    38    37    52    82    59    96    186   129   
     30    38    37    52    82    59    96    186   130   
     30    39    37    52    83    59    96    186   129   
     30    39    37    52    83    59    96    186   129   

bg   28    35    35    33    42    37    47    68    62    
     28    35    35    33    43    37    47    68    62    
     28    35    36    33    43    38    47    68    62    
     28    36    36    33    43    38    47    68    63    

C3   30    38    39    37    57    60    53    119   143   
     30    38    39    37    57    60    54    119   144   
     30    38    39    37    57    60    54    119   144   
     30    38    39    37    58    60    54    120   144   

bg   29    37    37    35    45    39    49    71    65    
     29    37    37    35    45    39    49    72    65    
     30    37    38    35    45    40    50    72    66    
     30    38    38    35    45    40    50    73    66    


