Trial #1-------------------------

     A1    A2    A3    B1    B2    B3    C1    C2    C3    

A1   97    97    51    54    58    47    45    65    60    
     96    97    51    54    58    46    45    64    60    
     94    97    51    54    57    46    45    64    60    
     94    96    50    53    57    46    44    64    60    

bg   22    29    33    25    35    41    40    61    58    
     22    29    33    25    35    41    40    60    58    
     22    29    33    25    35    40    40    60    57    
     22    29    33    25    35    40    40    60    57    

A2   65    135   99    39    66    64    42    63    59    
     65    135   98    39    66    64    42    62    59    
     65    134   98    39    66    63    42    62    58    
     65    134   98    39    66    63    42    62    58    

bg   21    28    32    24    34    39    39    58    55    
     21    28    32    24    34    39    39    58    55    
     21    28    32    24    33    39    38    58    55    
     21    28    31    24    33    39    38    58    55    

A3   27    78    114   26    53    69    40    60    59    
     27    78    114   26    54    69    40    60    59    
     27    78    113   26    54    68    40    60    59    
     27    78    113   26    54    68    40    60    58    

bg   21    27    31    23    33    38    38    57    54    
     20    27    31    23    33    38    38    57    54    
     20    27    31    23    33    38    38    57    54    
     20    27    31    23    33    38    38    56    54    

B1   47    48    34    90    75    43    68    82    59    
     47    48    34    90    75    43    68    82    59    
     47    48    34    90    75    43    68    82    59    
     47    48    34    91    75    43    68    82    59    

bg   20    27    30    23    32    37    38    56    53    
     20    27    30    23    32    37    38    56    53    
     20    27    30    23    32    37    38    56    53    
     20    27    30    23    32    37    37    56    53    

B2   31    54    51    49    101   90    51    88    76    
     31    54    51    50    100   90    51    88    76    
     31    54    51    50    100   90    51    88    76    
     31    54    51    49    100   90    51    87    76    

bg   20    27    30    23    32    37    37    56    53    
     20    27    30    23    32    37    37    56    53    
     20    27    30    23    32    37    37    56    53    
     20    27    30    23    32    37    37    56    53    

B3   22    46    62    25    76    118   40    79    90    
     22    46    62    25    76    118   40    79    90    
     22    46    62    25    76    118   40    79    90    
     22    46    62    25    75    119   40    79    91    

bg   20    27    30    23    32    38    37    56    53    
     20    27    31    23    32    38    37    56    53    
     20    27    31    23    32    38    37    56    53    
     20    27    31    23    32    38    38    56    53    

C1   23    30    32    54    58    46    118   130   72    
     23    30    32    55    58    46    118   131   72    
     23    30    32    54    58    45    117   130   72    
     23    30    32    54    58    45    117   130   72    

bg   20    26    30    23    32    37    37    55    52    
     20    26    30    23    32    37    37    55    52    
     20    26    30    23    32    37    37    55    52    
     20    26    30    23    32    37    37    55    52    

C2   22    29    32    40    69    66    86    176   123   
     22    29    32    40    69    66    86    175   123   
     22    29    32    40    69    66    87    175   122   
     22    29    32    40    69    66    87    175   122   

bg   20    26    30    23    32    37    37    55    52    
     20    26    30    23    32    37    37    55    52    
     20    26    30    23    32    37    37    55    52    
     20    26    30    23    32    37    37    55    52    

C3   21    29    33    25    52    71    43    108   138   
     21    29    33    25    52    71    43    108   138   
     21    29    33    25    52    71    43    108   137   
     21    29    33    25    52    71    43    108   136   

bg   20    26    30    22    32    36    37    55    52    
     20    26    30    22    32    36    37    55    52    
     20    26    30    22    32    36    37    55    51    
     20    26    30    22    32    36    37    55    51    


Trial #2-------------------------

     A1    A2    A3    B1    B2    B3    C1    C2    C3    

A1   93    94    47    51    54    42    40    57    53    
     92    94    47    51    54    42    40    57    54    
     92    94    47    51    54    42    40    57    54    
     92    93    47    51    54    42    40    57    54    

bg   20    26    30    22    32    36    36    55    52    
     20    26    30    22    32    36    37    55    52    
     20    26    30    22    32    36    37    55    51    
     20    26    30    22    32    36    37    54    51    

A2   63    133   96    37    63    60    39    58    54    
     63    133   96    37    63    60    39    58    54    
     63    133   96    37    63    60    39    58    54    
     63    132   96    37    63    60    39    58    55    

bg   19    26    30    22    31    37    36    54    52    
     19    26    30    22    31    36    36    55    52    
     20    26    30    22    31    36    36    55    52    
     20    26    30    22    32    36    36    55    52    

A3   26    76    111   25    52    66    38    57    55    
     26    76    111   25    52    66    38    57    55    
     26    76    111   25    52    66    38    57    55    
     26    76    112   25    52    66    38    57    55    

bg   19    26    30    22    31    36    36    54    52    
     19    26    30    22    31    36    36    54    52    
     19    26    30    22    31    36    36    54    52    
     19    26    30    22    31    36    36    54    52    

B1   47    47    33    90    74    42    67    81    57    
     47    47    33    91    74    42    67    81    57    
     47    47    33    91    74    42    68    80    57    
     47    47    33    91    74    42    68    80    57    

bg   19    26    29    22    31    36    36    54    51    
     19    26    29    22    31    36    36    54    51    
     19    26    29    22    31    36    36    54    51    
     19    26    29    22    31    36    36    54    52    

B2   31    53    50    49    99    89    50    86    74    
     31    53    50    49    99    89    50    86    74    
     31    53    50    49    99    89    50    86    74    
     31    54    51    48    99    89    50    86    74    

bg   19    26    29    22    31    36    36    54    51    
     19    26    29    22    31    36    36    54    51    
     19    26    29    22    31    36    36    54    51    
     19    26    29    22    31    36    36    54    51    

B3   21    45    61    25    75    118   39    77    89    
     21    45    61    25    74    118   39    77    89    
     21    45    61    25    74    118   39    77    89    
     21    45    61    25    74    118   39    77    89    

bg   19    26    29    22    31    36    36    54    51    
     19    26    29    22    31    36    36    54    51    
     19    26    29    22    31    36    36    54    51    
     19    26    29    22    31    36    36    54    51    

C1   23    29    31    54    57    44    116   129   71    
     23    29    31    54    57    44    116   129   71    
     22    29    31    53    57    45    115   129   71    
     22    29    31    53    57    45    115   128   71    

bg   19    26    29    22    31    36    36    54    51    
     19    26    29    22    31    36    36    54    51    
     19    26    29    22    31    36    36    54    51    
     19    26    29    22    31    36    36    54    51    

C2   21    29    32    39    68    65    85    173   121   
     21    29    32    39    68    65    85    173   121   
     21    29    32    39    68    65    85    173   121   
     21    29    32    39    68    65    85    173   121   

bg   19    26    29    22    31    36    36    54    51    
     19    26    29    22    31    36    36    54    51    
     19    26    29    22    31    36    36    54    51    
     19    26    29    22    31    36    36    54    51    

C3   20    28    33    25    51    70    42    106   135   
     20    28    33    25    52    70    42    106   134   
     20    28    33    25    52    70    42    106   134   
     20    28    32    25    52    69    42    106   134   

bg   19    26    29    22    31    36    36    53    50    
     19    26    29    22    31    35    36    53    50    
     19    26    29    22    31    35    35    53    50    
     19    25    29    22    31    35    35    53    50    


Trial #3-------------------------

     A1    A2    A3    B1    B2    B3    C1    C2    C3    

A1   92    93    46    50    53    41    39    55    52    
     92    93    46    50    53    41    39    56    52    
     92    93    46    50    53    41    39    56    52    
     92    93    46    50    53    41    39    56    52    

bg   19    26    29    22    31    36    36    54    51    
     19    26    29    22    31    36    36    54    51    
     19    26    29    22    31    36    36    54    51    
     19    26    29    22    31    36    36    54    51    

A2   63    131   95    37    62    60    38    57    54    
     63    131   95    37    62    60    38    57    54    
     62    131   95    37    62    60    38    57    54    
     62    131   95    37    62    59    38    57    54    

bg   19    26    29    22    31    36    36    53    51    
     19    26    29    22    31    36    36    53    51    
     19    26    29    22    31    36    36    53    50    
     19    26    29    22    31    35    36    53    50    

A3   26    76    110   24    51    65    37    55    54    
     26    76    111   24    51    65    37    56    54    
     25    75    111   24    51    66    37    56    54    
     25    75    111   24    51    66    37    56    55    

bg   19    26    29    22    31    36    35    53    51    
     19    26    29    22    31    36    35    53    51    
     19    26    29    22    31    36    35    53    51    
     19    26    29    22    31    36    36    53    50    

B1   46    47    33    90    73    42    67    80    56    
     47    47    33    90    73    42    67    80    56    
     47    47    33    90    73    42    67    80    56    
     46    47    33    90    73    42    67    80    56    

bg   19    26    29    22    31    36    36    53    51    
     19    26    29    22    31    36    35    53    51    
     19    26    29    22    31    36    35    53    51    
     19    26    29    22    31    36    35    53    51    

B2   30    53    50    48    99    88    49    85    73    
     30    53    50    48    99    88    49    85    73    
     30    53    50    48    99    88    49    85    73    
     30    53    50    48    99    88    49    85    73    

bg   19    26    29    22    31    35    36    53    50    
     19    26    29    22    31    36    36    53    50    
     19    26    29    22    31    36    36    53    50    
     19    26    29    22    31    36    35    53    50    

B3   21    45    61    24    74    118   38    76    89    
     21    45    61    24    74    118   38    76    88    
     21    45    61    24    74    117   38    76    88    
     21    45    61    24    74    117   38    76    88    

bg   19    26    29    22    31    35    36    53    50    
     19    26    29    22    31    35    36    53    50    
     19    26    29    22    31    35    36    53    50    
     19    26    29    22    31    35    36    53    50    

C1   22    28    30    53    57    44    115   128   70    
     22    28    30    53    57    44    114   128   70    
     22    28    30    53    57    44    114   128   70    
     22    28    30    53    57    44    114   127   70    

bg   19    26    29    22    31    35    35    53    50    
     19    26    29    22    31    35    35    53    50    
     19    26    29    22    31    35    36    53    50    
     19    26    29    22    31    35    36    53    50    

C2   21    28    31    39    67    64    85    172   120   
     21    28    31    39    67    64    85    172   120   
     21    28    31    39    67    64    85    172   120   
     21    28    31    39    67    64    84    172   120   

bg   19    25    29    22    31    36    35    53    51    
     19    25    29    22    31    36    35    53    50    
     19    26    29    22    31    36    35    53    50    
     19    26    29    22    31    35    35    53    50    

C3   20    28    32    25    51    69    42    106   133   
     20    28    32    25    51    69    42    106   133   
     20    28    32    24    51    69    42    106   133   
     20    28    32    24    51    69    42    106   133   

bg   19    25    29    22    31    35    35    53    50    
     19    25    29    22    31    35    35    53    50    
     19    25    29    22    31    35    35    53    50    
     19    25    29    22    31    35    35    53    50    


Trial #4-------------------------

     A1    A2    A3    B1    B2    B3    C1    C2    C3    

A1   93    93    46    51    53    41    39    56    52    
     93    93    46    51    53    41    39    56    52    
     93    93    46    51    53    41    39    56    51    
     93    93    46    51    53    41    39    56    51    

bg   19    25    29    22    31    35    35    53    50    
     19    25    29    22    31    35    35    53    50    
     19    25    29    22    31    35    35    53    50    
     19    25    29    22    30    35    35    53    50    

A2   62    131   95    36    62    59    37    56    53    
     62    131   95    36    62    59    37    56    53    
     62    131   95    36    62    59    37    56    53    
     62    131   94    36    62    59    37    56    53    

bg   19    25    29    22    31    35    35    53    50    
     19    25    29    22    31    35    35    53    50    
     19    25    29    22    31    35    35    53    50    
     19    25    29    22    31    35    35    53    50    

A3   25    75    111   24    50    65    36    55    54    
     25    75    111   24    50    65    36    55    54    
     25    75    111   24    50    65    36    55    54    
     25    75    111   24    50    65    36    55    54    

bg   19    25    29    22    30    35    35    53    50    
     19    25    29    22    31    35    35    53    50    
     19    25    29    22    31    35    35    53    50    
     19    25    29    22    31    35    35    53    50    

B1   46    47    32    90    73    41    66    79    55    
     46    47    32    90    73    41    66    79    55    
     46    47    32    89    73    41    66    79    55    
     46    47    32    89    73    41    66    78    56    

bg   19    25    29    22    30    35    35    53    50    
     19    25    29    22    30    35    35    53    50    
     19    25    29    22    30    35    35    53    50    
     19    25    29    22    30    35    35    53    50    

B2   30    53    50    47    99    88    49    85    72    
     30    53    50    47    99    88    49    85    72    
     30    53    50    47    99    88    49    85    72    
     30    53    50    47    99    88    49    85    72    

bg   19    25    29    22    30    35    35    53    50    
     19    25    29    22    30    35    35    53    50    
     19    25    29    22    30    35    35    53    50    
     19    25    29    22    30    35    35    53    50    

B3   21    45    60    24    74    117   38    75    88    
     21    45    60    24    74    116   38    75    87    
     21    45    60    24    74    116   38    75    87    
     21    45    60    24    74    116   38    75    87    

bg   19    25    28    21    30    35    35    52    49    
     19    25    28    21    30    35    35    52    49    
     19    25    28    21    30    35    35    52    50    
     19    25    28    21    30    35    35    52    50    

C1   22    28    30    53    56    44    114   127   70    
     22    28    30    53    56    44    114   127   70    
     22    28    30    53    56    44    114   127   70    
     22    28    30    53    56    44    114   127   69    

bg   19    25    28    22    30    35    35    53    50    
     19    25    28    22    30    35    35    53    50    
     19    25    29    22    30    35    35    53    50    
     19    25    29    22    30    35    35    53    50    

C2   21    28    31    39    67    64    84    172   120   
     21    28    31    39    67    64    84    172   120   
     21    28    31    39    67    64    84    172   120   
     21    28    31    39    67    64    84    172   120   

bg   19    25    28    21    30    35    35    52    50    
     19    25    28    21    30    35    35    52    49    
     19    25    28    21    30    35    35    52    49    
     19    25    28    21    30    35    35    52    49    

C3   20    27    32    24    51    69    41    105   133   
     20    27    32    24    51    69    41    105   133   
     20    27    32    24    51    69    41    105   134   
     20    27    32    24    51    69    41    105   134   

bg   19    25    28    21    30    35    35    52    50    
     19    25    28    21    30    35    35    52    50    
     19    25    28    21    30    35    35    52    50    
     19    25    28    21    30    35    35    52    50    


