Trial #1-------------------------

     A1    A2    A3    B1    B2    B3    C1    C2    C3    

A1   99    103   51    59    70    45    43    61    55    
     99    103   51    59    70    45    43    61    55    
     99    103   51    59    70    45    43    61    55    
     98    103   51    59    70    45    43    61    55    

bg   25    33    33    28    41    37    40    59    54    
     25    33    33    28    41    37    40    59    54    
     25    33    33    28    41    37    40    59    54    
     24    33    33    28    41    37    40    58    54    

A2   70    144   100   48    86    63    42    62    57    
     70    144   100   48    86    63    42    62    57    
     70    144   100   48    86    63    42    62    57    
     70    144   100   48    86    63    42    62    57    

bg   24    32    32    28    40    37    39    58    53    
     24    32    32    28    40    37    39    58    53    
     24    32    32    28    40    37    39    58    53    
     24    32    32    28    40    37    39    58    53    

A3   31    82    114   31    61    64    40    60    57    
     31    82    114   31    61    64    40    60    57    
     31    82    114   31    61    64    40    60    57    
     31    82    114   31    61    64    40    60    57    

bg   24    32    32    28    40    37    39    58    53    
     24    32    32    28    40    37    39    58    53    
     24    32    32    28    40    37    39    58    53    
     24    32    32    28    40    37    39    58    53    

B1   54    61    40    101   106   53    71    87    62    
     54    61    40    101   106   53    71    87    62    
     54    61    40    101   106   53    71    88    62    
     54    61    40    101   106   53    71    88    62    

bg   24    33    33    28    41    37    40    58    54    
     24    33    33    28    41    37    40    58    54    
     24    33    33    28    40    37    39    58    54    
     24    33    32    28    40    37    39    58    53    

B2   44    76    58    71    144   87    58    96    76    
     44    76    58    71    144   87    58    96    76    
     44    76    58    71    144   87    58    96    76    
     44    76    58    71    144   87    58    95    76    

bg   24    32    32    28    40    37    39    58    53    
     24    32    32    28    40    37    39    58    53    
     24    32    32    28    40    37    39    58    53    
     24    32    32    28    40    37    39    58    53    

B3   28    51    60    34    81    92    43    77    83    
     28    51    60    34    81    92    43    77    83    
     27    51    60    34    81    92    43    77    83    
     27    51    60    34    80    92    43    77    83    

bg   24    32    32    28    40    36    39    57    53    
     24    32    32    28    40    36    39    57    53    
     24    32    32    28    40    36    39    57    53    
     24    32    32    28    40    36    39    57    53    

C1   27    36    34    60    70    46    119   133   73    
     27    36    34    60    70    46    119   133   73    
     28    36    34    60    70    46    119   133   73    
     27    36    34    60    70    46    119   133   73    

bg   24    32    32    28    40    37    39    58    53    
     24    32    32    28    40    37    39    58    53    
     24    32    32    28    40    37    39    58    53    
     24    32    32    28    40    37    39    58    53    

C2   26    36    35    47    81    63    89    177   122   
     26    36    35    47    81    63    89    177   122   
     26    36    35    47    81    63    89    177   122   
     26    36    35    47    81    63    89    177   122   

bg   24    32    32    28    40    37    39    58    53    
     24    32    32    28    40    37    39    58    53    
     24    32    32    28    40    37    39    58    53    
     24    32    32    28    40    37    39    58    53    

C3   25    35    35    31    57    63    45    108   134   
     25    35    35    31    57    63    45    108   134   
     25    35    35    31    57    63    45    108   133   
     25    35    35    31    58    63    45    108   133   

bg   24    32    32    28    40    37    39    58    53    
     24    32    32    28    40    37    39    58    53    
     24    32    32    28    40    37    39    58    53    
     24    32    32    28    40    37    39    58    53    


Trial #2-------------------------

     A1    A2    A3    B1    B2    B3    C1    C2    C3    

A1   99    103   51    59    71    45    43    62    56    
     99    103   51    59    71    45    43    62    56    
     99    103   51    59    71    45    44    62    56    
     99    103   51    59    71    46    44    62    56    

bg   25    33    33    29    41    37    40    59    54    
     25    33    33    28    41    37    40    59    54    
     24    33    33    28    41    37    40    58    54    
     24    33    32    28    40    37    39    58    54    

A2   70    143   100   48    86    63    42    62    57    
     70    143   100   48    86    63    42    62    57    
     70    143   100   48    86    63    42    62    57    
     70    143   100   48    86    63    42    62    57    

bg   24    33    32    28    40    37    39    58    54    
     24    33    32    28    40    37    39    58    54    
     24    33    32    28    40    37    39    58    54    
     24    33    32    28    40    37    39    58    53    

A3   31    83    114   32    62    64    41    60    57    
     31    83    114   32    62    64    41    61    57    
     31    83    114   32    62    64    41    61    57    
     31    83    114   32    62    64    41    61    57    

bg   24    33    33    28    41    37    39    58    54    
     24    33    33    28    41    37    39    58    54    
     24    33    33    28    41    37    39    58    54    
     24    33    33    28    40    37    39    58    54    

B1   54    61    40    102   106   53    72    88    62    
     54    61    40    102   106   53    72    88    62    
     54    61    40    102   106   53    72    88    62    
     54    61    40    102   106   53    72    88    62    

bg   24    33    32    28    40    37    39    58    54    
     24    33    33    28    41    37    39    58    54    
     24    33    33    28    41    37    39    58    54    
     24    33    33    28    41    37    39    59    54    

B2   45    77    59    71    145   88    58    97    77    
     45    77    59    71    145   88    58    97    77    
     45    77    59    71    145   88    58    96    77    
     45    77    59    71    145   88    59    96    77    

bg   25    33    33    29    41    37    40    59    54    
     25    33    33    29    41    37    40    59    54    
     25    33    33    29    41    37    40    59    54    
     25    33    33    29    41    37    40    59    54    

B3   28    52    61    35    82    94    44    79    85    
     28    52    61    35    82    94    44    79    85    
     28    52    61    35    82    94    44    79    85    
     28    52    61    35    82    94    44    79    85    

bg   25    33    33    29    41    38    40    59    55    
     25    33    33    29    41    38    40    59    55    
     25    33    33    29    41    38    40    59    55    
     25    33    33    29    41    38    40    59    55    

C1   28    37    35    61    71    48    120   135   75    
     28    37    35    61    71    48    120   135   75    
     28    37    35    61    71    48    119   135   75    
     28    37    35    61    71    48    119   135   75    

bg   25    33    33    29    41    38    40    59    55    
     25    33    33    29    41    38    40    59    55    
     25    33    33    29    41    38    40    60    55    
     25    33    33    29    41    38    40    60    55    

C2   27    37    36    49    83    65    91    180   124   
     27    37    36    49    83    65    91    180   124   
     27    37    36    49    83    65    91    180   124   
     27    37    36    49    83    65    91    180   124   

bg   25    34    33    29    42    38    40    60    55    
     25    34    33    29    42    38    40    60    55    
     25    34    33    29    42    38    40    60    55    
     25    34    33    29    42    38    40    60    55    

C3   26    36    37    32    59    64    46    110   135   
     26    36    37    32    59    65    47    110   135   
     27    36    37    33    59    65    47    111   135   
     27    36    37    33    60    65    47    111   136   

bg   26    34    34    30    43    39    41    61    56    
     26    34    34    30    43    39    41    61    56    
     26    34    34    30    43    39    41    61    57    
     26    34    34    30    43    39    41    61    57    


Trial #3-------------------------

     A1    A2    A3    B1    B2    B3    C1    C2    C3    

A1   101   105   53    61    73    47    46    65    59    
     101   105   53    61    73    47    46    65    59    
     101   105   53    61    73    47    46    65    59    
     100   105   53    61    73    47    46    65    59    

bg   26    34    34    30    43    39    42    62    57    
     26    35    34    30    43    39    42    62    57    
     26    35    34    30    43    39    42    62    57    
     26    35    35    30    43    39    42    62    57    

A2   72    146   103   50    89    65    45    66    61    
     72    146   103   50    89    66    45    66    61    
     72    146   102   50    89    66    45    67    61    
     72    146   102   50    89    66    45    67    61    

bg   26    35    35    30    44    40    42    63    58    
     26    35    35    31    44    40    43    63    58    
     26    35    35    31    44    40    43    63    58    
     26    35    35    31    44    40    43    63    58    

A3   33    86    117   34    65    67    44    66    62    
     33    86    118   34    65    68    44    66    62    
     33    86    118   34    66    68    44    66    62    
     33    86    118   34    66    68    44    66    63    

bg   27    36    36    31    45    41    44    65    60    
     27    36    36    31    45    41    44    65    60    
     27    36    36    32    45    41    44    65    60    
     27    37    37    32    46    42    44    66    61    

B1   58    66    45    106   112   58    77    96    69    
     57    66    45    106   112   58    77    96    69    
     57    66    45    106   112   58    77    96    69    
     57    66    45    106   112   58    77    96    69    

bg   28    37    37    32    46    42    45    66    61    
     28    37    37    32    46    42    45    67    61    
     28    37    37    32    46    42    45    67    62    
     28    37    37    32    47    43    45    67    62    

B2   48    81    64    76    151   93    65    105   85    
     49    82    64    76    151   93    65    106   85    
     49    82    64    76    151   94    65    106   86    
     49    82    64    76    151   94    65    106   86    

bg   29    39    39    33    48    44    47    69    64    
     29    39    39    34    48    44    47    69    64    
     29    39    39    34    48    44    47    70    64    
     29    39    39    34    49    44    47    70    65    

B3   33    59    67    40    90    101   52    91    96    
     33    59    67    41    90    102   52    91    96    
     33    59    68    41    90    102   52    92    96    
     34    59    68    41    91    102   53    92    96    

bg   30    41    41    35    51    46    49    73    67    
     31    41    41    36    51    47    49    73    68    
     31    41    41    36    51    47    50    74    68    
     31    41    41    36    51    47    50    74    68    

C1   34    45    43    68    81    57    130   150   89    
     34    45    43    68    81    57    130   150   89    
     34    45    43    68    81    57    130   150   89    
     34    45    43    68    82    57    130   150   89    

bg   31    41    41    36    51    47    50    74    68    
     31    41    41    36    51    47    50    74    68    
     31    41    41    36    51    47    50    74    68    
     31    41    41    36    51    47    50    74    68    

C2   33    45    44    55    93    74    100   194   137   
     33    45    44    55    92    73    100   193   137   
     33    45    44    55    92    73    99    192   137   
     33    45    44    55    92    74    99    193   137   

bg   31    41    41    36    51    47    50    74    68    
     31    41    41    36    51    47    50    74    68    
     31    41    41    36    51    47    50    74    68    
     31    41    41    36    51    47    50    74    68    

C3   32    44    44    39    69    74    56    125   148   
     32    44    45    39    69    74    56    125   149   
     32    44    45    39    69    74    56    125   149   
     32    44    45    39    69    74    56    125   149   

bg   31    42    42    36    52    48    51    75    69    
     31    42    42    36    52    48    51    75    69    
     31    42    42    36    52    48    51    75    70    
     31    42    42    36    52    48    51    76    70    


Trial #4-------------------------

     A1    A2    A3    B1    B2    B3    C1    C2    C3    

A1   106   113   61    68    83    56    55    79    72    
     106   113   61    68    83    57    56    79    72    
     106   113   61    68    83    57    56    80    72    
     106   113   61    68    83    57    56    80    72    

bg   32    43    43    37    53    49    52    77    71    
     32    43    43    37    54    49    52    77    71    
     32    43    43    37    54    49    52    77    71    
     32    43    43    37    54    49    52    78    72    

A2   79    155   111   57    100   75    56    82    75    
     79    155   111   57    100   75    56    82    75    
     79    155   111   58    100   76    56    82    75    
     79    155   111   58    100   76    56    83    76    

bg   33    44    44    38    55    50    53    79    73    
     33    44    44    38    55    50    53    79    73    
     33    44    44    38    55    50    53    79    73    
     33    44    44    38    55    50    53    79    73    

A3   40    94    127   42    76    78    55    82    77    
     40    94    126   42    76    78    55    82    77    
     40    94    126   42    76    78    55    82    77    
     40    94    126   42    76    78    55    82    77    

bg   33    44    44    39    55    51    54    80    74    
     33    44    44    39    55    51    54    80    74    
     33    44    44    39    55    51    54    80    74    
     33    44    44    39    55    51    54    80    74    

B1   63    73    52    112   122   67    86    110   82    
     63    73    52    112   121   67    86    110   82    
     63    73    52    112   121   67    86    109   82    
     63    73    52    112   121   67    86    110   82    

bg   33    45    45    39    56    51    54    80    74    
     33    45    45    39    56    51    54    80    74    
     33    45    45    39    56    51    54    81    74    
     33    45    45    39    56    51    54    81    74    

B2   54    89    71    82    160   102   73    118   97    
     54    89    71    82    160   102   73    118   97    
     54    89    71    82    160   102   73    118   97    
     54    88    71    82    160   101   73    118   97    

bg   33    45    45    39    56    51    54    80    74    
     33    45    45    39    56    51    54    80    74    
     33    45    45    39    56    51    54    80    74    
     33    44    45    39    55    51    54    80    74    

B3   37    64    72    45    97    107   58    100   104   
     37    64    72    45    96    107   58    100   104   
     37    64    72    45    96    107   58    100   104   
     37    64    72    45    96    107   58    100   104   

bg   33    45    45    39    56    51    54    80    74    
     33    45    45    39    56    51    54    80    74    
     33    45    45    39    56    51    54    80    74    
     33    45    45    39    56    51    54    80    74    

C1   37    48    46    71    85    61    133   155   94    
     37    48    46    71    85    61    133   155   94    
     37    48    46    71    85    61    133   155   94    
     37    48    46    71    85    61    133   155   94    

bg   33    44    44    39    55    51    54    80    74    
     33    44    44    39    55    51    54    80    74    
     33    44    44    39    55    51    54    80    74    
     33    44    44    39    55    51    54    80    74    

C2   35    48    47    58    97    77    104   199   142   
     35    48    47    58    96    77    103   199   142   
     35    48    47    58    96    77    103   199   142   
     35    48    47    58    96    77    103   198   142   

bg   33    44    44    38    55    50    53    79    73    
     33    44    44    38    55    50    53    79    73    
     33    44    44    38    55    50    53    79    73    
     33    44    44    38    55    50    53    79    73    

C3   34    46    47    41    72    76    59    129   153   
     34    46    47    41    71    76    58    128   153   
     34    46    47    41    71    76    58    128   152   
     34    46    47    41    71    76    58    128   152   

bg   32    43    43    38    54    49    52    78    72    
     32    43    43    38    54    49    52    78    72    
     32    43    43    38    54    49    52    78    72    
     32    43    43    38    54    49    52    78    72    


