     A1    A2    A3    B1    B2    B3    C1    C2    C3    

A1   322   424   292   289   380   285   277   367   273   
     323   425   292   289   381   285   278   368   273   
     323   425   292   290   381   286   278   369   274   
     323   426   293   290   382   286   278   369   274   

bg   257   370   282   267   364   283   278   370   276   
     257   370   283   267   364   284   278   371   276   
     257   371   283   268   365   284   278   371   276   
     258   371   283   268   365   284   279   372   277   

A2   302   483   354   287   406   313   284   379   282   
     303   484   354   288   406   313   285   380   283   
     303   484   355   288   406   314   285   380   283   
     303   485   355   288   407   314   285   380   283   

bg   264   381   291   275   374   292   285   380   283   
     264   381   291   275   375   292   286   381   284   
     265   382   292   275   375   292   286   381   284   
     265   382   292   276   376   293   286   382   284   

A3   274   439   375   282   402   327   290   388   291   
     275   439   375   282   402   327   290   388   291   
     275   440   375   282   403   327   291   389   291   
     275   440   375   282   403   327   291   389   292   

bg   271   391   299   282   384   299   292   390   290   
     271   392   299   282   384   300   293   390   291   
     271   392   300   282   385   300   293   390   291   
     272   393   300   283   385   300   293   391   291   

B1   304   420   308   356   440   315   329   421   300   
     304   421   309   356   441   315   329   421   300   
     304   421   309   356   441   315   329   422   301   
     305   422   309   356   441   316   329   422   301   

bg   277   400   306   288   393   306   299   398   297   
     277   401   306   288   393   307   299   398   297   
     278   401   307   289   394   307   299   399   297   
     278   402   307   289   394   307   299   399   298   

B2   295   439   332   324   474   365   319   437   323   
     295   439   332   324   474   365   319   438   323   
     296   439   333   324   474   365   319   438   323   
     296   440   333   325   475   365   319   438   323   

bg   283   409   313   294   401   313   305   406   303   
     283   410   313   295   402   313   305   407   303   
     284   410   313   295   402   313   305   407   303   
     284   410   314   295   402   314   305   407   303   

B3   288   430   342   300   445   387   310   431   337   
     288   430   342   300   446   388   311   431   338   
     288   431   342   300   446   388   311   431   338   
     289   431   343   301   446   388   311   432   338   

bg   289   417   319   300   409   319   310   414   308   
     289   417   319   300   409   319   310   414   309   
     289   418   319   301   410   319   311   414   309   
     289   418   320   301   410   320   311   415   309   

C1   295   424   323   335   442   331   392   487   332   
     295   424   324   335   442   332   392   487   332   
     295   425   324   335   442   332   392   487   332   
     295   425   324   335   443   332   392   488   332   

bg   294   424   325   305   416   325   315   421   314   
     294   425   325   305   416   326   315   421   315   
     294   425   326   306   417   326   316   421   315   
     294   425   326   306   417   326   316   421   315   

C2   298   432   330   327   460   357   369   531   382   
     299   432   331   327   460   357   369   530   382   
     299   432   331   327   460   357   369   530   382   
     299   433   331   328   460   358   369   530   382   

bg   298   431   330   310   423   331   320   427   319   
     299   432   331   310   423   331   320   427   319   
     299   432   331   310   423   331   320   427   319   
     299   432   331   310   423   331   320   427   320   

C3   302   437   336   315   446   363   329   478   393   
     302   437   336   315   447   363   330   478   393   
     302   437   336   315   447   364   330   478   393   
     302   437   336   316   447   364   330   479   393   

bg   302   437   335   314   428   335   324   432   323   
     302   437   335   314   428   335   324   432   323   
     303   437   335   314   428   335   324   432   323   
     303   438   335   315   429   335   324   432   323   
