     A1    A2    A3    B1    B2    B3    C1    C2    C3    

A1   376   503   353   344   456   345   332   440   328   
     376   504   353   344   456   345   332   440   329   
     376   503   353   344   456   346   332   440   329   
     376   504   354   345   456   346   332   441   329   

bg   308   446   341   320   436   341   329   439   328   
     308   446   342   320   436   341   329   439   329   
     308   446   342   320   437   341   330   440   329   
     308   446   342   320   437   342   330   440   329   

A2   351   556   410   338   474   368   333   445   333   
     352   556   410   338   475   368   334   445   333   
     352   556   410   338   475   368   334   445   333   
     352   556   410   338   475   369   334   445   333   

bg   311   450   345   323   440   344   332   443   331   
     311   450   345   323   440   345   332   444   332   
     311   450   345   323   441   345   333   444   332   
     312   451   345   323   441   345   333   444   332   

A3   319   505   426   328   465   377   335   448   337   
     319   505   426   328   465   377   335   448   337   
     320   505   426   328   466   377   336   448   337   
     320   505   427   328   466   378   336   448   337   

bg   314   454   348   326   445   348   335   447   334   
     314   454   348   326   445   348   335   447   334   
     314   455   348   326   445   348   335   447   334   
     314   455   349   326   445   348   335   447   335   

B1   345   481   355   398   498   361   369   476   342   
     345   481   355   398   498   361   369   476   342   
     345   481   356   398   498   361   370   476   342   
     345   481   356   398   498   361   370   476   342   

bg   316   458   351   328   448   350   337   450   337   
     316   458   351   328   448   350   337   450   337   
     316   458   351   328   448   350   338   450   337   
     316   458   351   329   448   351   338   450   337   

B2   332   493   375   362   526   406   355   486   361   
     332   493   375   362   526   406   355   486   361   
     332   493   375   362   526   406   355   486   360   
     332   493   375   362   526   406   355   486   361   

bg   318   461   353   330   450   352   339   453   339   
     318   461   353   330   450   353   339   453   339   
     318   461   353   330   451   353   339   453   339   
     318   461   353   330   451   353   339   453   339   

B3   321   478   380   334   491   425   343   474   371   
     321   479   380   334   492   425   343   474   371   
     321   479   380   334   492   425   343   474   371   
     321   479   380   334   492   425   343   474   371   

bg   320   463   355   332   453   354   341   455   340   
     320   463   355   332   453   354   341   455   340   
     320   463   356   332   453   355   341   455   340   
     320   463   355   332   453   355   341   455   340   

C1   324   467   358   365   483   365   421   525   362   
     324   467   358   365   483   365   421   525   362   
     324   467   358   365   483   365   421   525   362   
     324   468   358   365   483   365   421   525   362   

bg   321   465   357   333   455   356   342   457   342   
     321   465   357   333   455   356   342   457   342   
     321   466   357   333   455   356   342   457   342   
     321   466   357   333   455   356   343   457   342   

C2   324   470   360   353   496   386   394   565   408   
     324   470   360   353   496   386   394   564   408   
     324   470   361   353   496   386   394   564   408   
     324   470   361   353   496   386   394   564   408   

bg   322   467   359   334   456   358   344   458   343   
     322   467   359   334   456   358   344   459   343   
     322   467   359   334   457   358   344   459   343   
     323   467   359   335   457   358   344   459   343   

C3   324   470   362   338   478   389   352   508   415   
     324   471   362   338   478   389   352   508   416   
     325   471   362   338   478   389   352   508   415   
     324   471   362   338   478   389   352   508   416   

bg   324   469   360   336   458   359   345   460   344   
     324   469   360   336   458   359   345   460   344   
     324   469   360   336   458   359   345   460   344   
     324   469   360   336   458   359   345   460   344   
