     A1    A2    A3    B1    B2    B3    C1    C2    C3    

A1   394   531   375   363   482   366   350   465   347   
     395   531   375   363   482   367   350   465   348   
     395   531   375   363   482   367   350   465   348   
     395   531   375   363   482   367   350   465   348   

bg   325   471   362   337   461   361   346   462   346   
     325   471   362   337   461   361   347   462   346   
     325   471   362   338   461   361   347   462   346   
     325   472   362   337   461   361   347   462   346   

A2   368   580   429   354   497   386   350   466   349   
     368   580   429   354   497   386   350   467   349   
     367   579   429   354   497   386   350   467   349   
     368   580   429   354   497   386   350   467   349   

bg   326   472   362   338   461   361   347   463   346   
     326   472   362   338   461   361   347   463   346   
     326   472   363   338   461   361   347   463   346   
     326   472   362   338   461   361   347   463   347   

A3   333   525   443   342   484   393   349   466   352   
     333   525   443   342   484   393   349   466   352   
     333   525   443   342   484   393   349   466   352   
     333   525   442   342   484   393   349   466   351   

bg   327   473   363   339   462   362   348   464   348   
     327   473   363   338   462   362   348   464   348   
     327   473   363   339   462   362   348   464   348   
     327   473   363   339   462   362   348   464   348   

B1   356   498   369   409   514   374   381   491   354   
     356   498   369   409   514   374   381   491   354   
     356   498   369   409   514   374   381   491   354   
     356   498   369   409   514   375   381   491   354   

bg   327   473   364   339   463   363   348   464   348   
     327   473   364   339   462   363   348   464   348   
     327   474   364   339   462   363   348   464   348   
     327   474   364   339   462   363   348   464   348   

B2   342   508   386   372   539   418   365   500   371   
     342   508   386   372   539   418   365   499   371   
     342   508   387   372   539   417   365   499   371   
     342   508   386   372   539   417   365   499   371   

bg   327   474   364   339   463   363   348   465   348   
     327   474   364   339   463   363   348   465   348   
     327   474   364   339   463   363   348   465   348   
     327   474   364   339   463   363   348   465   348   

B3   329   491   390   342   503   435   351   485   380   
     329   490   390   342   503   434   351   485   380   
     329   491   390   342   503   435   351   485   380   
     329   491   390   342   503   434   351   485   380   

bg   327   474   364   339   463   363   348   465   349   
     327   474   364   339   463   363   349   465   348   
     327   474   364   339   463   363   349   465   349   
     327   474   364   339   463   363   348   465   348   

C1   331   477   366   371   492   373   428   535   369   
     331   477   366   371   492   373   427   534   369   
     331   477   366   371   492   373   427   534   369   
     331   478   366   371   492   373   427   534   369   

bg   327   474   364   339   463   363   349   465   349   
     327   474   364   339   463   363   348   465   349   
     327   474   364   339   463   363   349   465   349   
     327   474   364   339   463   363   349   465   349   

C2   330   478   367   359   504   392   400   572   414   
     330   478   367   359   504   392   400   572   414   
     330   478   367   359   503   392   400   572   414   
     330   478   367   359   503   392   399   571   414   

bg   327   474   364   340   463   364   349   465   349   
     327   474   365   339   463   364   349   465   349   
     327   474   365   339   463   364   349   465   349   
     327   474   365   340   463   364   349   465   349   

C3   329   477   367   342   484   394   356   514   421   
     329   477   367   342   484   394   356   514   421   
     328   476   367   342   484   394   356   514   421   
     329   477   367   342   484   394   356   514   421   

bg   327   474   364   339   463   363   349   465   348   
     327   474   364   339   463   363   349   465   348   
     327   474   364   339   463   363   349   465   348   
     327   474   364   339   463   363   349   465   348   
