     A1    A2    A3    B1    B2    B3    C1    C2    C3    

A1   396   534   378   365   485   369   352   468   350   
     396   533   378   365   485   369   352   468   350   
     396   533   378   365   485   369   352   468   350   
     396   533   378   365   485   369   352   468   350   

bg   327   474   364   339   463   363   349   465   349   
     327   474   364   339   463   363   349   465   349   
     327   473   364   339   463   363   349   465   349   
     327   474   364   339   463   363   349   466   349   

A2   368   581   431   355   500   388   351   469   352   
     369   581   431   355   499   388   352   469   351   
     368   581   431   355   499   389   351   469   352   
     369   581   431   355   499   389   351   469   351   

bg   327   473   364   339   463   363   349   465   349   
     327   473   364   339   463   363   349   466   349   
     327   473   364   339   463   363   349   466   349   
     327   473   364   339   463   363   349   466   349   

A3   333   526   444   342   485   394   350   468   353   
     333   526   444   342   485   394   350   469   353   
     333   526   444   342   485   394   350   469   353   
     334   526   444   342   486   394   350   468   353   

bg   327   473   364   339   463   363   349   466   349   
     327   473   364   339   463   363   349   466   349   
     327   474   364   339   463   363   349   466   349   
     327   473   364   339   463   363   349   466   349   

B1   356   498   370   409   515   375   382   493   356   
     356   498   370   409   515   375   382   493   355   
     356   498   369   409   515   375   382   493   356   
     356   498   370   409   515   375   382   493   356   

bg   326   473   364   339   463   363   349   466   349   
     327   473   364   339   463   363   349   466   349   
     326   473   364   339   463   363   349   466   349   
     326   473   364   339   463   363   349   466   349   

B2   341   507   386   372   539   418   366   501   372   
     341   507   386   371   539   418   366   500   372   
     341   507   386   371   539   418   366   500   372   
     341   507   386   371   539   417   366   500   372   

bg   327   473   364   339   463   363   349   466   349   
     326   473   364   339   463   363   349   466   349   
     326   473   364   339   463   363   349   466   349   
     326   473   364   339   463   363   349   466   349   

B3   328   490   390   342   503   435   352   486   381   
     328   490   390   342   503   434   352   486   381   
     328   490   390   342   503   435   352   486   381   
     328   490   390   342   503   434   352   486   381   

bg   326   473   364   339   463   363   349   466   349   
     326   473   364   339   463   363   349   466   349   
     326   473   364   339   463   363   349   466   349   
     326   473   364   339   463   363   349   466   349   

C1   330   477   366   371   492   373   428   535   370   
     330   477   366   371   492   373   428   536   370   
     330   477   366   371   492   373   428   535   370   
     330   477   366   371   492   373   428   535   370   

bg   326   473   364   339   463   363   349   466   349   
     327   473   364   339   463   363   349   466   349   
     326   473   364   339   463   363   349   466   349   
     326   473   364   339   463   363   349   466   349   

C2   329   477   367   358   503   392   400   573   415   
     329   477   367   358   503   392   400   573   415   
     329   477   367   358   503   392   400   572   414   
     329   477   367   358   503   392   400   572   414   

bg   326   474   364   339   463   363   349   466   349   
     327   473   364   339   463   363   349   466   349   
     327   474   364   339   463   363   349   466   349   
     327   474   364   339   463   363   349   466   349   

C3   328   476   367   342   484   394   356   515   421   
     328   476   367   342   484   394   357   515   421   
     328   476   367   342   484   394   357   515   421   
     328   476   367   342   484   394   357   515   421   

bg   326   473   364   339   463   363   349   466   350   
     327   474   364   339   463   363   349   466   350   
     327   473   364   339   463   364   349   466   350   
     327   474   364   339   463   364   349   466   350   
