     A1    A2    A3    B1    B2    B3    C1    C2    C3    

A1   133   143   88    105   143   110   119   167   150   
     134   144   89    106   143   110   119   168   151   
     134   144   89    107   145   112   121   170   153   
     134   144   89    106   144   111   120   169   151   

bg   68    87    77    82    122   106   117   168   151   
     67    86    76    81    121   105   116   166   150   
     66    85    75    80    120   104   115   164   148   
     67    86    76    81    121   104   116   165   149   

A2   110   193   135   99    162   127   120   171   154   
     110   193   135   99    161   126   119   170   152   
     109   192   135   98    161   126   119   169   152   
     109   192   135   98    161   126   119   169   152   

bg   67    86    76    81    121   104   116   165   149   
     67    87    77    82    122   106   117   168   151   
     67    86    76    81    121   105   116   166   150   
     66    85    76    80    120   104   115   164   148   

A3   73    131   139   84    138   123   116   167   151   
     73    132   139   84    138   124   117   167   152   
     73    132   139   84    139   124   117   168   152   
     74    132   139   84    139   124   117   168   153   

bg   67    85    75    80    120   104   115   165   148   
     67    85    75    81    120   104   115   165   148   
     66    85    75    80    120   104   115   164   148   
     66    85    75    80    120   104   115   164   148   

B1   99    114   84    156   188   123   153   199   161   
     98    114   84    156   187   122   152   198   160   
     98    113   83    155   185   120   151   196   157   
     97    113   83    155   185   120   150   195   157   

bg   67    86    76    81    120   104   115   165   149   
     66    85    75    80    120   104   115   164   148   
     66    85    75    80    119   104   114   164   148   
     66    85    75    80    120   104   115   164   148   

B2   84    123   96    120   226   162   136   207   176   
     84    124   96    121   227   163   137   208   176   
     85    125   97    122   228   164   138   210   178   
     85    124   97    121   227   163   137   209   177   

bg   67    86    76    81    120   104   115   165   149   
     67    86    76    81    120   104   115   165   148   
     66    85    75    80    120   104   115   164   148   
     66    85    75    80    120   103   115   164   148   

B3   68    96    89    85    161   163   119   186   180   
     68    96    89    84    161   162   118   186   180   
     69    97    89    85    161   163   119   186   180   
     69    98    90    86    163   164   120   188   182   

bg   67    86    76    81    120   104   115   165   149   
     66    85    75    80    120   104   115   164   148   
     66    85    75    80    120   104   115   164   148   
     66    85    75    80    120   104   115   164   148   

C1   70    89    77    113   152   115   194   235   170   
     70    89    77    113   152   115   194   235   170   
     71    89    78    114   153   116   195   236   171   
     71    90    78    114   153   116   195   236   171   

bg   67    86    76    81    120   104   115   165   149   
     66    85    75    80    120   104   115   164   148   
     67    86    76    81    120   104   115   165   149   
     66    85    75    80    120   104   115   164   148   

C2   70    90    78    102   168   136   167   274   215   
     69    90    78    101   167   135   166   272   214   
     69    89    78    101   166   134   165   270   212   
     69    89    78    101   167   135   165   270   213   

bg   67    86    76    81    120   104   115   165   149   
     66    85    75    80    120   103   115   164   148   
     66    85    75    80    120   104   115   164   148   
     67    86    76    81    121   104   116   165   149   

C3   68    88    78    84    143   135   123   214   221   
     68    88    78    84    143   135   123   214   221   
     68    88    78    84    143   135   123   214   222   
     68    88    78    84    143   135   123   214   221   

bg   66    85    75    80    120   104   115   164   148   
     66    85    75    80    120   104   115   164   148   
     67    85    75    81    120   104   115   165   148   
     66    85    75    80    120   104   115   164   148   
