     A1    A2    A3    B1    B2    B3    C1    C2    C3    

A1   134   143   88    105   143   109   119   167   150   
     134   143   88    105   143   109   118   166   149   
     133   143   88    105   142   109   118   166   149   
     133   143   88    105   142   109   118   166   149   

bg   66    85    75    80    120   103   115   164   147   
     66    85    75    80    120   103   115   164   148   
     66    85    75    80    120   104   115   164   148   
     66    85    75    80    120   103   115   164   147   

A2   109   192   134   98    160   125   118   168   151   
     109   191   134   98    160   125   118   168   151   
     109   191   134   98    160   124   118   168   150   
     109   191   133   97    159   124   117   167   150   

bg   72    93    82    87    130   113   125   179   161   
     68    88    77    82    123   106   117   168   151   
     66    85    75    80    119   103   114   163   148   
     66    85    75    80    119   103   114   163   147   

A3   73    131   139   84    138   124   117   167   152   
     73    131   139   84    138   123   116   167   152   
     73    131   138   83    137   123   116   166   151   
     73    131   138   83    137   123   115   165   151   

bg   66    85    75    80    120   103   115   164   148   
     66    85    75    80    120   103   115   164   148   
     66    85    75    80    120   103   115   164   148   
     67    86    76    81    121   104   116   165   149   

B1   96    111   81    154   184   119   149   193   155   
     96    111   81    154   183   119   149   193   155   
     97    112   82    154   184   119   149   193   156   
     97    112   82    154   185   120   150   194   157   

bg   66    85    75    80    119   103   114   163   147   
     66    85    75    80    119   103   114   163   147   
     66    85    75    80    119   103   114   163   147   
     66    85    75    80    119   103   114   163   147   

B2   84    123   96    120   226   162   135   206   175   
     83    122   95    119   225   161   135   205   174   
     84    122   95    119   224   161   135   205   174   
     84    122   95    119   224   161   135   205   174   

bg   66    85    75    80    119   103   114   163   147   
     66    85    75    80    119   103   114   163   147   
     66    85    75    80    119   103   114   163   147   
     66    84    75    80    119   103   114   163   147   

B3   68    96    89    84    161   162   119   186   180   
     68    96    89    84    161   162   118   186   180   
     68    96    89    84    161   162   118   186   180   
     68    96    89    84    161   162   118   186   180   

bg   66    84    74    79    119   102   114   162   147   
     66    84    74    79    118   102   113   162   146   
     65    84    74    79    118   102   114   162   146   
     66    85    75    80    119   103   114   163   147   

C1   69    88    76    113   151   114   194   234   169   
     70    88    76    113   151   114   194   234   169   
     70    88    77    113   152   114   194   234   169   
     70    88    77    113   152   114   194   234   169   

bg   66    85    75    80    119   103   114   163   148   
     67    85    75    80    120   104   115   165   149   
     66    85    75    80    120   104   115   164   148   
     66    85    75    80    120   103   115   164   148   

C2   69    89    77    100   166   134   165   269   212   
     68    88    77    100   165   133   164   269   211   
     68    89    77    100   166   134   165   269   212   
     69    89    78    101   167   134   166   270   213   

bg   66    85    75    80    119   103   114   163   148   
     66    85    75    80    119   103   114   163   148   
     66    85    75    80    119   103   114   163   147   
     66    85    75    80    119   103   114   163   147   

C3   67    87    77    83    142   134   122   213   220   
     67    87    78    83    142   134   123   213   221   
     68    88    78    84    143   135   123   214   221   
     68    87    78    84    142   135   123   214   221   

bg   66    84    74    79    118   102   114   162   146   
     66    85    75    80    120   104   115   164   148   
     67    86    76    81    121   105   116   165   149   
     66    85    75    80    120   104   115   164   148   
