     A1    A2    A3    B1    B2    B3    C1    C2    C3    

A1   133   143   88    105   142   109   118   166   149   
     134   143   88    105   142   109   118   166   149   
     134   143   88    105   142   109   118   167   149   
     134   143   88    105   142   109   118   167   149   

bg   66    85    75    80    120   103   115   164   148   
     66    84    74    79    119   103   114   163   147   
     66    84    74    80    119   103   114   163   147   
     66    85    75    80    119   103   114   163   147   

A2   109   192   134   98    161   125   118   169   151   
     109   191   134   98    160   124   118   168   150   
     109   192   134   98    160   124   118   168   151   
     110   193   135   99    162   126   120   170   153   

bg   66    84    74    79    118   102   114   162   146   
     65    84    74    79    118   102   113   162   146   
     66    84    75    79    119   103   114   162   146   
     66    85    75    80    119   103   115   164   148   

A3   73    132   139   84    139   124   117   167   152   
     73    132   139   84    139   124   117   168   152   
     73    131   138   84    138   124   116   166   151   
     73    131   139   84    138   124   116   167   152   

bg   66    85    75    80    119   103   114   163   147   
     66    85    75    80    119   103   114   163   147   
     66    84    74    79    119   102   114   162   146   
     66    85    75    80    119   103   114   163   147   

B1   97    112   82    154   184   119   149   194   156   
     97    112   82    154   184   119   149   194   156   
     97    112   82    154   184   119   149   194   156   
     97    112   82    154   184   119   149   194   155   

bg   66    85    75    80    120   104   115   164   148   
     66    84    75    79    118   103   114   162   147   
     66    84    75    80    119   103   114   163   147   
     66    85    75    80    120   104   115   164   148   

B2   84    122   95    120   225   161   135   206   174   
     83    122   95    119   224   160   134   204   173   
     83    122   95    119   223   160   134   204   173   
     83    122   95    119   224   161   135   205   174   

bg   67    85    76    80    120   104   115   165   149   
     67    86    76    81    121   105   116   165   149   
     67    86    77    81    122   106   117   166   151   
     69    88    78    83    125   108   119   170   154   

B3   68    96    89    84    161   162   119   186   180   
     68    96    89    84    160   162   118   185   179   
     68    96    89    84    160   162   118   185   179   
     68    96    89    84    160   162   118   185   179   

bg   66    85    75    80    119   103   114   163   148   
     65    84    74    79    118   103   113   162   147   
     66    84    75    79    119   103   114   163   147   
     66    85    75    80    119   104   114   163   148   

C1   70    88    76    113   152   114   194   235   170   
     71    89    78    114   153   116   196   237   171   
     70    89    77    114   153   115   195   236   171   
     70    88    77    113   152   115   194   234   170   

bg   66    85    75    80    119   104   114   164   148   
     66    85    75    80    120   104   115   164   148   
     67    86    76    81    121   105   116   165   149   
     68    88    78    83    123   107   118   169   153   

C2   69    89    77    100   166   134   165   270   213   
     68    89    77    100   166   134   165   270   212   
     69    89    78    101   167   135   166   271   213   
     69    89    78    101   167   135   166   271   213   

bg   69    88    78    83    124   108   119   170   154   
     67    86    76    81    121   106   116   166   150   
     67    86    76    81    121   105   116   166   150   
     67    86    76    81    121   105   116   166   150   

C3   67    87    78    83    142   134   123   213   221   
     67    87    77    83    142   134   122   213   220   
     67    87    77    83    142   134   122   213   220   
     67    87    77    83    142   134   122   213   220   

bg   66    85    75    80    119   103   114   163   147   
     66    85    75    80    119   103   114   163   147   
     66    85    75    80    119   103   114   163   147   
     66    85    75    80    119   103   114   163   147   
