     A1    A2    A3    B1    B2    B3    C1    C2    C3    

A1   134   143   88    105   143   110   119   167   150   
     134   143   88    105   143   110   119   167   150   
     134   143   89    106   143   110   119   168   151   
     134   143   89    106   143   110   119   168   151   

bg   66    85    75    80    120   104   115   164   148   
     66    85    75    80    120   104   115   164   148   
     66    85    75    80    120   104   115   164   148   
     66    85    75    80    120   104   115   164   148   

A2   110   193   135   99    162   126   119   170   153   
     111   194   136   100   164   128   121   173   155   
     111   194   136   100   163   128   121   172   155   
     110   193   135   99    162   126   119   170   153   

bg   66    85    75    80    120   104   115   164   148   
     67    86    76    81    121   104   116   165   149   
     66    85    75    80    120   103   115   164   147   
     67    86    75    80    120   104   115   164   148   

A3   73    132   139   84    139   124   117   168   152   
     74    133   140   85    140   125   118   170   154   
     74    133   140   85    141   125   119   170   154   
     74    133   140   85    141   125   119   170   154   

bg   66    85    75    80    120   104   115   164   148   
     67    86    76    81    120   104   115   165   149   
     66    85    75    80    120   104   115   165   148   
     67    86    76    81    121   105   116   165   149   

B1   97    112   82    154   184   119   149   194   156   
     97    112   82    154   184   119   149   193   155   
     97    112   82    154   185   120   150   195   157   
     97    112   82    154   185   120   150   195   157   

bg   67    86    76    81    120   104   115   165   149   
     67    86    76    81    121   105   116   165   149   
     66    86    76    80    120   104   115   164   149   
     66    85    75    80    120   104   115   164   148   

B2   84    123   96    120   226   162   135   206   175   
     84    123   96    120   225   162   136   206   175   
     84    123   96    120   225   162   136   206   175   
     84    123   96    120   225   162   136   207   175   

bg   66    85    76    80    120   104   115   164   149   
     66    85    75    80    120   104   115   164   148   
     66    85    75    80    120   104   115   164   148   
     66    85    75    80    120   104   115   164   148   

B3   69    96    89    85    161   163   119   186   180   
     68    96    89    84    161   162   119   186   180   
     68    96    89    84    161   162   119   186   180   
     69    97    89    85    161   163   119   187   180   

bg   67    86    76    81    120   104   115   165   149   
     66    85    76    80    120   104   115   165   149   
     66    85    75    80    120   104   115   164   148   
     67    85    76    81    120   104   115   165   149   

C1   70    88    77    113   152   115   195   235   169   
     70    88    76    113   151   114   194   234   169   
     70    88    76    113   151   114   194   234   169   
     70    88    77    113   152   115   194   234   169   

bg   66    85    75    80    120   104   115   164   148   
     66    85    75    80    120   104   115   164   148   
     66    85    75    80    120   104   115   164   148   
     66    85    75    80    120   104   115   164   148   

C2   69    89    78    101   167   134   166   271   213   
     69    89    78    101   167   134   166   271   213   
     69    89    78    101   166   134   165   270   213   
     69    89    77    101   166   134   165   270   212   

bg   66    85    75    80    120   104   115   164   148   
     66    85    75    80    120   104   115   164   148   
     66    85    75    80    120   104   115   164   148   
     66    85    75    80    120   103   115   164   148   

C3   68    87    78    83    142   134   123   213   221   
     67    87    77    83    142   134   122   213   220   
     67    87    77    83    141   134   122   212   219   
     66    86    76    82    140   133   121   211   218   

bg   66    85    75    80    119   103   114   164   148   
     66    85    75    80    119   103   115   163   148   
     66    85    75    80    120   103   115   164   148   
     66    85    75    80    120   104   115   164   148   
