Trial #1-------------------------

     A1    A2    A3    B1    B2    B3    C1    C2    C3    

A1   82    74    17    32    29    8     4     3     2     
     82    74    17    31    29    8     4     3     2     
     82    74    17    31    29    8     4     3     2     
     82    74    17    31    29    8     4     3     2     

bg   0     0     0     0     0     0     0     0     0     
     0     0     0     0     0     0     0     0     0     
     0     0     0     0     0     0     0     0     0     
     0     0     0     0     0     0     0     0     0     

A2   46    121   72    19    47    28    3     4     3     
     46    121   72    19    47    28    3     4     3     
     46    121   72    19    47    28    3     4     3     
     46    121   72    19    47    28    3     4     3     

bg   0     0     0     0     0     0     0     0     0     
     0     0     0     0     0     0     0     0     0     
     0     0     0     0     0     0     0     0     0     
     0     0     0     0     0     0     0     0     0     

A3   6     53    89    3     22    30    2     3     4     
     6     53    89    3     22    30    2     3     4     
     6     53    89    3     22    30    2     3     4     
     6     53    89    3     22    30    2     3     4     

bg   0     0     0     0     0     0     0     0     0     
     0     0     0     0     0     0     0     0     0     
     0     0     0     0     0     0     0     0     0     
     0     0     0     0     0     0     0     0     0     

B1   31    29    8     79    69    17    34    30    9     
     31    29    8     79    69    17    34    30    9     
     31    29    8     79    69    17    34    30    9     
     31    29    8     79    69    17    34    30    9     

bg   0     0     0     0     0     0     0     0     0     
     0     0     0     0     0     0     0     0     0     
     0     0     0     0     0     0     0     0     0     
     0     0     0     0     0     0     0     0     0     

B2   20    46    29    44    120   68    19    42    28    
     20    46    29    44    120   68    19    42    28    
     20    46    29    44    120   67    19    42    28    
     20    46    29    44    120   67    19    42    28    

bg   0     0     0     0     0     0     0     0     0     
     0     0     0     0     0     0     0     0     0     
     0     0     0     0     0     0     0     0     0     
     0     0     0     0     0     0     0     0     0     

B3   3     21    32    6     53    80    4     25    38    
     3     21    32    6     53    80    4     25    38    
     3     21    32    6     53    80    4     25    38    
     3     21    32    6     53    80    4     25    38    

bg   0     0     0     0     0     0     0     0     0     
     0     0     0     0     0     0     0     0     0     
     0     0     0     0     0     0     0     0     0     
     0     0     0     0     0     0     0     0     0     

C1   4     4     2     33    30    10    84    78    20    
     4     4     2     33    30    10    84    78    20    
     4     4     2     33    30    10    84    78    20    
     4     4     2     33    30    10    84    78    20    

bg   0     0     0     0     0     0     0     0     0     
     0     0     0     0     0     0     0     0     0     
     0     0     0     0     0     0     0     0     0     
     0     0     0     0     0     0     0     0     0     

C2   2     4     3     19    44    31    51    124   72    
     2     4     3     19    44    31    51    124   72    
     2     4     3     19    44    31    51    124   72    
     2     4     3     19    44    31    51    124   72    

bg   0     0     0     0     0     0     0     0     0     
     0     0     0     0     0     0     0     0     0     
     0     0     0     0     0     0     0     0     0     
     0     0     0     0     0     0     0     0     0     

C3   1     3     3     3     22    35    6     55    88    
     1     3     3     3     22    35    6     55    88    
     1     3     3     3     22    35    6     55    87    
     1     3     3     3     22    35    6     55    87    

bg   0     0     0     0     0     0     0     0     0     
     0     0     0     0     0     0     0     0     0     
     0     0     0     0     0     0     0     0     0     
     0     0     0     0     0     0     0     0     0     


Trial #2-------------------------

     A1    A2    A3    B1    B2    B3    C1    C2    C3    

A1   83    74    17    32    30    8     4     3     2     
     83    74    17    32    29    8     4     3     2     
     82    74    17    31    29    8     4     3     2     
     82    74    17    31    29    8     4     3     2     

bg   0     0     0     0     0     0     0     0     0     
     0     0     0     0     0     0     0     0     0     
     0     0     0     0     0     0     0     0     0     
     0     0     0     0     0     0     0     0     0     

A2   46    122   73    19    47    28    3     4     4     
     46    121   72    19    47    28    3     4     3     
     46    121   72    19    47    28    3     4     3     
     46    121   72    19    47    28    3     4     3     

bg   0     0     0     0     0     0     0     0     0     
     0     0     0     0     0     0     0     0     0     
     0     0     0     0     0     0     0     0     0     
     0     0     0     0     0     0     0     0     0     

A3   6     53    90    3     22    30    2     3     4     
     6     53    90    3     22    30    2     3     4     
     6     53    89    3     22    30    2     3     4     
     6     53    89    3     22    30    2     3     4     

bg   0     0     0     0     0     0     0     0     0     
     0     0     0     0     0     0     0     0     0     
     0     0     0     0     0     0     0     0     0     
     0     0     0     0     0     0     0     0     0     

B1   31    29    8     78    69    17    34    30    9     
     31    29    8     78    69    16    34    30    9     
     31    29    8     78    69    16    34    30    9     
     31    29    8     78    69    16    34    30    9     

bg   0     0     0     0     0     0     0     0     0     
     0     0     0     0     0     0     0     0     0     
     0     0     0     0     0     0     0     0     0     
     0     0     0     0     0     0     0     0     0     

B2   20    46    28    44    119   67    19    42    28    
     20    46    28    44    119   67    19    42    28    
     20    46    28    44    119   67    19    42    28    
     20    46    28    43    119   67    19    41    28    

bg   0     0     0     0     0     0     0     0     0     
     0     0     0     0     0     0     0     0     0     
     0     0     0     0     0     0     0     0     0     
     0     0     0     0     0     0     0     0     0     

B3   3     21    31    6     53    80    4     25    38    
     3     21    32    6     53    80    4     25    38    
     3     21    31    6     53    80    4     25    38    
     3     21    31    6     53    80    4     25    38    

bg   0     0     0     0     0     0     0     0     0     
     0     0     0     0     0     0     0     0     0     
     0     0     0     0     0     0     0     0     0     
     0     0     0     0     0     0     0     0     0     

C1   4     4     2     33    30    10    84    78    20    
     4     4     2     33    30    10    84    78    20    
     4     4     2     33    30    10    84    78    20    
     4     4     2     33    30    10    84    78    20    

bg   0     0     0     0     0     0     0     0     0     
     0     0     0     0     0     0     0     0     0     
     0     0     0     0     0     0     0     0     0     
     0     0     0     0     0     0     0     0     0     

C2   2     4     3     19    44    31    51    124   72    
     2     4     3     19    44    31    51    124   72    
     2     4     3     19    44    31    51    124   72    
     2     4     3     19    44    31    51    124   72    

bg   0     0     0     0     0     0     0     0     0     
     0     0     0     0     0     0     0     0     0     
     0     0     0     0     0     0     0     0     0     
     0     0     0     0     0     0     0     0     0     

C3   1     3     3     3     22    35    6     55    88    
     1     3     3     3     22    35    6     55    88    
     1     3     3     3     22    35    6     55    88    
     1     3     3     3     22    35    6     55    88    

bg   0     0     0     0     0     0     0     0     0     
     0     0     0     0     0     0     0     0     0     
     0     0     0     0     0     0     0     0     0     
     0     0     0     0     0     0     0     0     0     


Trial #3-------------------------

     A1    A2    A3    B1    B2    B3    C1    C2    C3    

A1   83    75    17    32    30    8     4     3     2     
     83    74    17    32    30    8     4     3     2     
     83    74    17    32    29    8     4     3     2     
     82    74    17    31    29    8     4     3     2     

bg   0     0     0     0     0     0     0     0     0     
     0     0     0     0     0     0     0     0     0     
     0     0     0     0     0     0     0     0     0     
     0     0     0     0     0     0     0     0     0     

A2   46    122   73    19    47    28    3     4     3     
     46    122   73    19    47    28    3     4     3     
     46    122   72    19    47    28    3     4     4     
     46    121   72    19    47    28    3     4     3     

bg   0     0     0     0     0     0     0     0     0     
     0     0     0     0     0     0     0     0     0     
     0     0     0     0     0     0     0     0     0     
     0     0     0     0     0     0     0     0     0     

A3   6     53    90    3     22    30    2     3     4     
     6     53    90    3     22    30    2     3     4     
     6     53    89    3     22    30    2     3     4     
     6     53    89    3     22    30    2     3     4     

bg   0     0     0     0     0     0     0     0     0     
     0     0     0     0     0     0     0     0     0     
     0     0     0     0     0     0     0     0     0     
     0     0     0     0     0     0     0     0     0     

B1   31    29    8     78    69    17    34    30    9     
     31    29    8     78    69    17    34    30    9     
     31    29    8     78    69    17    34    30    9     
     31    29    8     78    69    17    34    30    9     

bg   0     0     0     0     0     0     0     0     0     
     0     0     0     0     0     0     0     0     0     
     0     0     0     0     0     0     0     0     0     
     0     0     0     0     0     0     0     0     0     

B2   20    46    28    44    119   67    19    42    28    
     20    46    28    44    119   67    19    42    28    
     20    46    28    43    119   67    19    41    28    
     20    46    28    43    119   67    19    41    28    

bg   0     0     0     0     0     0     0     0     0     
     0     0     0     0     0     0     0     0     0     
     0     0     0     0     0     0     0     0     0     
     0     0     0     0     0     0     0     0     0     

B3   3     21    31    6     53    80    4     25    38    
     3     21    32    6     53    80    4     25    38    
     3     21    32    6     53    80    4     25    38    
     3     21    32    6     53    80    4     25    38    

bg   0     0     0     0     0     0     0     0     0     
     0     0     0     0     0     0     0     0     0     
     0     0     0     0     0     0     0     0     0     
     0     0     0     0     0     0     0     0     0     

C1   4     4     2     34    31    10    85    78    20    
     4     4     2     34    31    10    85    78    20    
     4     4     2     34    31    10    84    78    20    
     4     4     2     34    31    10    84    78    20    

bg   0     0     0     0     0     0     0     0     0     
     0     0     0     0     0     0     0     0     0     
     0     0     0     0     0     0     0     0     0     
     0     0     0     0     0     0     0     0     0     

C2   2     4     3     19    44    31    51    125   72    
     2     4     3     19    44    31    51    124   72    
     2     4     3     19    44    31    51    124   72    
     2     4     3     19    44    31    51    124   72    

bg   0     0     0     0     0     0     0     0     0     
     0     0     0     0     0     0     0     0     0     
     0     0     0     0     0     0     0     0     0     
     0     0     0     0     0     0     0     0     0     

C3   1     3     3     3     22    35    6     54    88    
     1     3     3     3     22    35    6     55    88    
     1     3     3     3     22    35    6     54    87    
     1     3     3     3     22    35    6     54    87    

bg   0     0     0     0     0     0     0     0     0     
     0     0     0     0     0     0     0     0     0     
     0     0     0     0     0     0     0     0     0     
     0     0     0     0     0     0     0     0     0     


Trial #4-------------------------

     A1    A2    A3    B1    B2    B3    C1    C2    C3    

A1   82    74    17    31    29    8     4     3     2     
     82    74    17    31    29    8     4     3     2     
     82    74    17    31    29    8     4     3     2     
     81    73    17    31    29    8     4     3     2     

bg   0     0     0     0     0     0     0     0     0     
     0     0     0     0     0     0     0     0     0     
     0     0     0     0     0     0     0     0     0     
     0     0     0     0     0     0     0     0     0     

A2   46    122   73    19    48    28    3     4     4     
     46    122   73    19    48    28    3     4     4     
     46    122   73    19    47    28    3     4     4     
     46    122   73    19    47    28    3     4     4     

bg   0     0     0     0     0     0     0     0     0     
     0     0     0     0     0     0     0     0     0     
     0     0     0     0     0     0     0     0     0     
     0     0     0     0     0     0     0     0     0     

A3   6     52    89    3     22    30    1     3     4     
     6     52    89    3     22    30    1     3     4     
     6     52    89    3     22    30    1     3     4     
     6     52    89    3     22    30    2     3     4     

bg   0     0     0     0     0     0     0     0     0     
     0     0     0     0     0     0     0     0     0     
     0     0     0     0     0     0     0     0     0     
     0     0     0     0     0     0     0     0     0     

B1   31    29    8     79    69    17    34    30    9     
     31    29    8     79    69    17    34    30    9     
     31    29    8     79    69    17    34    30    9     
     31    29    8     79    69    17    34    30    9     

bg   0     0     0     0     0     0     0     0     0     
     0     0     0     0     0     0     0     0     0     
     0     0     0     0     0     0     0     0     0     
     0     0     0     0     0     0     0     0     0     

B2   20    46    29    44    120   67    19    42    28    
     20    46    29    44    119   67    19    42    28    
     20    46    29    44    119   67    19    42    28    
     20    46    29    44    119   67    19    42    28    

bg   0     0     0     0     0     0     0     0     0     
     0     0     0     0     0     0     0     0     0     
     0     0     0     0     0     0     0     0     0     
     0     0     0     0     0     0     0     0     0     

B3   3     21    32    6     53    80    4     25    38    
     3     22    32    6     53    80    4     25    38    
     3     22    32    6     53    80    4     25    38    
     3     22    32    6     53    80    4     25    38    

bg   0     0     0     0     0     0     0     0     0     
     0     0     0     0     0     0     0     0     0     
     0     0     0     0     0     0     0     0     0     
     0     0     0     0     0     0     0     0     0     

C1   4     4     2     34    31    10    85    79    20    
     4     4     2     34    31    10    85    79    20    
     4     4     2     34    31    10    85    78    20    
     4     4     2     34    31    10    84    78    20    

bg   0     0     0     0     0     0     0     0     0     
     0     0     0     0     0     0     0     0     0     
     0     0     0     0     0     0     0     0     0     
     0     0     0     0     0     0     0     0     0     

C2   2     4     3     19    44    31    51    125   72    
     2     4     3     19    44    31    51    125   72    
     2     4     3     19    44    31    51    124   72    
     2     4     3     19    44    31    51    124   72    

bg   0     0     0     0     0     0     0     0     0     
     0     0     0     0     0     0     0     0     0     
     0     0     0     0     0     0     0     0     0     
     0     0     0     0     0     0     0     0     0     

C3   1     3     3     3     22    35    6     55    88    
     1     3     3     3     22    35    6     55    87    
     1     3     3     3     22    35    6     55    87    
     1     3     3     3     22    35    6     54    87    

bg   0     0     0     0     0     0     0     0     0     
     0     0     0     0     0     0     0     0     0     
     0     0     0     0     0     0     0     0     0     
     0     0     0     0     0     0     0     0     0     


