Trial #1-------------------------

     A1    A2    A3    B1    B2    B3    C1    C2    C3    

A1   81    74    17    31    29    7     4     3     2     
     81    74    17    31    29    7     4     3     2     
     81    74    17    31    29    7     4     3     2     
     82    73    17    31    29    7     4     3     2     

bg   0     0     0     0     0     0     0     0     0     
     0     0     0     0     0     0     0     0     0     
     0     0     0     0     0     0     0     0     0     
     0     0     0     0     0     0     0     0     0     

A2   47    123   73    19    47    27    3     4     3     
     46    122   73    19    47    27    3     4     3     
     46    122   73    19    47    27    3     4     3     
     46    122   73    19    47    27    3     4     3     

bg   0     0     0     0     0     0     0     0     0     
     0     0     0     0     0     0     0     0     0     
     0     0     0     0     0     0     0     0     0     
     0     0     0     0     0     0     0     0     0     

A3   6     52    89    3     21    28    1     2     3     
     6     52    89    3     21    28    1     2     3     
     6     52    90    3     21    28    1     2     3     
     6     52    90    3     21    28    1     2     3     

bg   0     0     0     0     0     0     0     0     0     
     0     0     0     0     0     0     0     0     0     
     0     0     0     0     0     0     0     0     0     
     0     0     0     0     0     0     0     0     0     

B1   31    29    8     79    69    16    34    30    8     
     31    29    8     79    69    16    34    30    8     
     31    29    8     79    69    16    34    30    8     
     31    29    8     79    69    16    34    30    8     

bg   0     0     0     0     0     0     0     0     0     
     0     0     0     0     0     0     0     0     0     
     0     0     0     0     0     0     0     0     0     
     0     0     0     0     0     0     0     0     0     

B2   20    45    27    44    117   62    19    41    27    
     20    45    27    44    117   62    19    41    27    
     20    45    27    44    117   62    19    41    27    
     20    45    27    44    117   62    19    41    27    

bg   0     0     0     0     0     0     0     0     0     
     0     0     0     0     0     0     0     0     0     
     0     0     0     0     0     0     0     0     0     
     0     0     0     0     0     0     0     0     0     

B3   3     20    29    6     49    72    4     24    37    
     3     20    29    6     49    72    4     24    37    
     3     20    29    6     49    72    4     24    37    
     3     20    29    6     49    71    4     24    36    

bg   0     0     0     0     0     0     0     0     0     
     0     0     0     0     0     0     0     0     0     
     0     0     0     0     0     0     0     0     0     
     0     0     0     0     0     0     0     0     0     

C1   4     4     2     33    30    10    84    78    20    
     4     4     2     33    30    10    84    78    20    
     4     4     2     33    30    10    84    78    20    
     4     4     2     33    30    10    84    78    20    

bg   0     0     0     0     0     0     0     0     0     
     0     0     0     0     0     0     0     0     0     
     0     0     0     0     0     0     0     0     0     
     0     0     0     0     0     0     0     0     0     

C2   2     4     3     19    44    31    51    125   72    
     2     4     3     19    44    31    51    125   72    
     2     4     3     19    44    31    51    124   72    
     2     4     3     19    44    31    51    124   72    

bg   0     0     0     0     0     0     0     0     0     
     0     0     0     0     0     0     0     0     0     
     0     0     0     0     0     0     0     0     0     
     0     0     0     0     0     0     0     0     0     

C3   1     3     3     3     22    34    6     55    87    
     1     3     3     3     22    34    6     55    87    
     1     3     3     3     22    34    6     55    88    
     1     3     3     3     22    34    6     55    88    

bg   0     0     0     0     0     0     0     0     0     
     0     0     0     0     0     0     0     0     0     
     0     0     0     0     0     0     0     0     0     
     0     0     0     0     0     0     0     0     0     


Trial #2-------------------------

     A1    A2    A3    B1    B2    B3    C1    C2    C3    

A1   83    74    17    32    29    7     4     3     2     
     83    74    17    32    29    7     4     3     2     
     83    74    17    32    29    7     4     3     2     
     82    74    17    31    29    7     4     3     2     

bg   0     0     0     0     0     0     0     0     0     
     0     0     0     0     0     0     0     0     0     
     0     0     0     0     0     0     0     0     0     
     0     0     0     0     0     0     0     0     0     

A2   46    122   73    19    47    27    3     4     3     
     46    122   72    19    47    27    3     4     3     
     46    122   72    19    47    27    3     4     3     
     46    121   72    19    47    27    3     4     3     

bg   0     0     0     0     0     0     0     0     0     
     0     0     0     0     0     0     0     0     0     
     0     0     0     0     0     0     0     0     0     
     0     0     0     0     0     0     0     0     0     

A3   6     52    90    3     21    28    1     2     3     
     6     52    90    3     21    28    1     2     3     
     6     52    90    3     21    28    1     2     3     
     6     52    90    3     21    28    1     2     3     

bg   0     0     0     0     0     0     0     0     0     
     0     0     0     0     0     0     0     0     0     
     0     0     0     0     0     0     0     0     0     
     0     0     0     0     0     0     0     0     0     

B1   31    29    8     79    69    16    34    30    8     
     31    29    8     78    69    16    34    30    8     
     31    29    8     78    69    16    34    30    8     
     31    29    8     78    69    16    33    30    8     

bg   0     0     0     0     0     0     0     0     0     
     0     0     0     0     0     0     0     0     0     
     0     0     0     0     0     0     0     0     0     
     0     0     0     0     0     0     0     0     0     

B2   20    45    27    44    117   62    19    41    27    
     20    45    27    44    117   62    19    41    27    
     20    45    27    44    117   62    19    41    27    
     20    45    27    44    117   62    19    41    27    

bg   0     0     0     0     0     0     0     0     0     
     0     0     0     0     0     0     0     0     0     
     0     0     0     0     0     0     0     0     0     
     0     0     0     0     0     0     0     0     0     

B3   3     20    29    6     49    72    4     24    36    
     3     20    29    6     49    71    4     24    36    
     3     20    29    6     49    71    4     24    36    
     3     20    29    6     49    71    4     24    36    

bg   0     0     0     0     0     0     0     0     0     
     0     0     0     0     0     0     0     0     0     
     0     0     0     0     0     0     0     0     0     
     0     0     0     0     0     0     0     0     0     

C1   4     4     2     34    30    10    85    79    20    
     4     4     2     34    31    10    85    79    20    
     4     4     2     34    31    10    85    79    20    
     4     4     2     34    31    10    85    79    20    

bg   0     0     0     0     0     0     0     0     0     
     0     0     0     0     0     0     0     0     0     
     0     0     0     0     0     0     0     0     0     
     0     0     0     0     0     0     0     0     0     

C2   2     4     3     19    44    31    51    125   72    
     2     4     3     19    44    31    51    125   72    
     2     4     3     19    44    31    51    125   72    
     2     4     3     19    44    31    51    124   72    

bg   0     0     0     0     0     0     0     0     0     
     0     0     0     0     0     0     0     0     0     
     0     0     0     0     0     0     0     0     0     
     0     0     0     0     0     0     0     0     0     

C3   1     3     3     3     22    34    6     55    89    
     1     3     3     3     22    35    6     55    89    
     1     3     3     3     22    35    6     55    89    
     1     3     3     3     22    35    6     55    89    

bg   0     0     0     0     0     0     0     0     0     
     0     0     0     0     0     0     0     0     0     
     0     0     0     0     0     0     0     0     0     
     0     0     0     0     0     0     0     0     0     


Trial #3-------------------------

     A1    A2    A3    B1    B2    B3    C1    C2    C3    

A1   83    74    17    32    29    7     4     3     2     
     83    74    17    32    29    7     4     3     2     
     82    74    17    31    29    7     4     3     2     
     81    73    17    31    29    7     4     3     2     

bg   0     0     0     0     0     0     0     0     0     
     0     0     0     0     0     0     0     0     0     
     0     0     0     0     0     0     0     0     0     
     0     0     0     0     0     0     0     0     0     

A2   46    122   72    19    47    27    3     4     3     
     46    122   72    19    47    27    3     4     3     
     46    121   72    19    47    27    3     4     3     
     46    122   72    19    47    27    3     4     3     

bg   0     0     0     0     0     0     0     0     0     
     0     0     0     0     0     0     0     0     0     
     0     0     0     0     0     0     0     0     0     
     0     0     0     0     0     0     0     0     0     

A3   6     52    90    3     21    28    1     2     3     
     6     52    89    3     21    28    2     2     3     
     6     52    89    3     21    28    2     2     3     
     6     52    89    3     21    28    1     2     3     

bg   0     0     0     0     0     0     0     0     0     
     0     0     0     0     0     0     0     0     0     
     0     0     0     0     0     0     0     0     0     
     0     0     0     0     0     0     0     0     0     

B1   31    29    8     78    69    16    34    30    8     
     31    29    8     78    69    16    34    30    8     
     31    29    8     78    69    16    34    30    8     
     31    29    8     79    69    16    34    30    8     

bg   0     0     0     0     0     0     0     0     0     
     0     0     0     0     0     0     0     0     0     
     0     0     0     0     0     0     0     0     0     
     0     0     0     0     0     0     0     0     0     

B2   20    45    27    44    117   62    19    41    27    
     20    45    27    44    117   62    19    41    27    
     20    45    27    44    117   62    19    41    27    
     20    45    27    43    117   62    19    41    27    

bg   0     0     0     0     0     0     0     0     0     
     0     0     0     0     0     0     0     0     0     
     0     0     0     0     0     0     0     0     0     
     0     0     0     0     0     0     0     0     0     

B3   3     20    29    6     49    71    4     24    36    
     3     20    29    6     49    71    4     24    36    
     3     20    29    6     49    72    4     24    36    
     3     20    29    6     49    72    4     24    36    

bg   0     0     0     0     0     0     0     0     0     
     0     0     0     0     0     0     0     0     0     
     0     0     0     0     0     0     0     0     0     
     0     0     0     0     0     0     0     0     0     

C1   4     4     2     34    31    10    85    79    20    
     4     4     2     34    30    10    85    78    20    
     4     4     2     34    30    10    85    78    20    
     4     4     2     34    30    10    84    78    20    

bg   0     0     0     0     0     0     0     0     0     
     0     0     0     0     0     0     0     0     0     
     0     0     0     0     0     0     0     0     0     
     0     0     0     0     0     0     0     0     0     

C2   3     4     3     19    44    31    51    125   72    
     3     4     3     19    44    31    51    125   72    
     3     4     3     19    44    31    51    125   72    
     3     4     3     19    44    31    51    125   72    

bg   0     0     0     0     0     0     0     0     0     
     0     0     0     0     0     0     0     0     0     
     0     0     0     0     0     0     0     0     0     
     0     0     0     0     0     0     0     0     0     

C3   2     3     3     3     22    34    6     54    88    
     2     3     3     3     22    34    6     54    88    
     2     3     3     3     22    34    6     54    88    
     2     3     3     3     22    34    6     54    88    

bg   0     0     0     0     0     0     0     0     0     
     0     0     0     0     0     0     0     0     0     
     0     0     0     0     0     0     0     0     0     
     0     0     0     0     0     0     0     0     0     


Trial #4-------------------------

     A1    A2    A3    B1    B2    B3    C1    C2    C3    

A1   82    74    17    31    29    8     4     3     2     
     82    74    17    31    29    7     4     3     2     
     82    74    17    31    29    7     4     3     2     
     82    74    17    31    29    7     4     3     2     

bg   0     0     0     0     0     0     0     0     0     
     0     0     0     0     0     0     0     0     0     
     0     0     0     0     0     0     0     0     0     
     0     0     0     0     0     0     0     0     0     

A2   47    122   73    19    47    27    3     4     3     
     46    122   73    19    47    27    3     4     3     
     46    122   73    19    47    27    3     4     3     
     46    122   73    19    47    27    3     4     3     

bg   0     0     0     0     0     0     0     0     0     
     0     0     0     0     0     0     0     0     0     
     0     0     0     0     0     0     0     0     0     
     0     0     0     0     0     0     0     0     0     

A3   6     52    89    3     21    28    2     2     3     
     6     52    89    3     21    28    2     2     3     
     6     52    89    3     21    28    2     2     3     
     6     52    89    3     21    28    1     2     3     

bg   0     0     0     0     0     0     0     0     0     
     0     0     0     0     0     0     0     0     0     
     0     0     0     0     0     0     0     0     0     
     0     0     0     0     0     0     0     0     0     

B1   31    29    8     79    69    16    34    30    9     
     31    29    8     79    69    16    34    30    9     
     31    29    8     79    69    16    34    30    9     
     31    29    8     79    69    16    34    30    8     

bg   0     0     0     0     0     0     0     0     0     
     0     0     0     0     0     0     0     0     0     
     0     0     0     0     0     0     0     0     0     
     0     0     0     0     0     0     0     0     0     

B2   20    45    27    43    117   62    19    41    27    
     20    45    27    43    117   62    19    41    27    
     20    45    27    43    116   62    19    41    27    
     20    45    27    43    116   61    19    41    27    

bg   0     0     0     0     0     0     0     0     0     
     0     0     0     0     0     0     0     0     0     
     0     0     0     0     0     0     0     0     0     
     0     0     0     0     0     0     0     0     0     

B3   3     20    29    6     49    72    4     24    37    
     3     20    29    6     49    72    4     24    37    
     3     20    29    6     49    72    4     24    36    
     3     20    29    6     49    72    4     24    36    

bg   0     0     0     0     0     0     0     0     0     
     0     0     0     0     0     0     0     0     0     
     0     0     0     0     0     0     0     0     0     
     0     0     0     0     0     0     0     0     0     

C1   4     4     2     33    30    10    84    78    20    
     4     4     2     33    30    10    84    78    20    
     4     4     2     33    30    10    84    78    20    
     4     4     2     33    30    10    83    78    20    

bg   0     0     0     0     0     0     0     0     0     
     0     0     0     0     0     0     0     0     0     
     0     0     0     0     0     0     0     0     0     
     0     0     0     0     0     0     0     0     0     

C2   2     4     3     19    44    31    51    124   72    
     2     4     3     19    44    31    51    124   72    
     2     4     3     19    44    31    51    124   72    
     2     4     3     19    44    31    51    124   72    

bg   0     0     0     0     0     0     0     0     0     
     0     0     0     0     0     0     0     0     0     
     0     0     0     0     0     0     0     0     0     
     0     0     0     0     0     0     0     0     0     

C3   1     3     3     3     22    34    6     55    88    
     1     3     3     3     22    34    6     55    87    
     1     3     3     3     22    34    6     55    87    
     1     3     3     3     22    34    6     55    87    

bg   0     0     0     0     0     0     0     0     0     
     0     0     0     0     0     0     0     0     0     
     0     0     0     0     0     0     0     0     0     
     0     0     0     0     0     0     0     0     0     


