Trial #1-------------------------

     A1    A2    A3    B1    B2    B3    C1    C2    C3    

A1   83    74    17    32    30    8     4     3     2     
     83    74    17    32    29    8     4     3     2     
     82    74    17    31    29    8     4     3     2     
     81    73    14    31    29    8     4     3     2     

bg   0     0     0     0     0     0     0     0     0     
     0     0     0     0     0     0     0     0     0     
     0     0     0     0     0     0     0     0     0     
     0     0     0     0     0     0     0     0     0     

A2   46    122   72    19    48    29    3     4     4     
     46    122   72    19    48    29    3     4     4     
     46    121   72    19    48    29    3     4     4     
     46    121   51    19    48    29    3     4     4     

bg   0     0     0     0     0     0     0     0     0     
     0     0     0     0     0     0     0     0     0     
     0     0     0     0     0     0     0     0     0     
     0     0     0     0     0     0     0     0     0     

A3   6     53    90    3     22    31    2     3     4     
     6     53    89    3     22    31    2     3     4     
     6     53    89    3     22    31    2     3     4     
     6     53    89    3     22    31    2     3     4     

bg   0     0     0     0     0     0     0     0     0     
     0     0     0     0     0     0     0     0     0     
     0     0     0     0     0     0     0     0     0     
     0     0     1     0     0     0     0     0     0     

B1   31    29    8     78    69    17    34    30    9     
     31    29    8     78    69    17    34    30    9     
     31    29    8     78    69    17    34    30    9     
     31    29    8     78    69    17    34    30    9     

bg   0     0     0     0     0     0     0     0     0     
     0     0     0     0     0     0     0     0     0     
     0     0     0     0     0     0     0     0     0     
     0     0     8     0     0     0     0     0     0     

B2   20    47    30    44    122   72    19    42    29    
     20    47    30    44    122   72    19    42    29    
     20    47    30    44    121   72    19    42    29    
     20    47    30    44    121   72    19    42    29    

bg   0     0     0     0     0     0     0     0     0     
     0     0     0     0     0     0     0     0     0     
     0     0     0     0     0     0     0     0     0     
     0     0     15    0     0     0     0     0     0     

B3   3     23    34    6     57    87    4     26    39    
     3     23    34    6     57    87    4     26    39    
     3     23    34    6     57    87    4     26    39    
     3     23    33    6     57    88    4     26    39    

bg   0     0     0     0     0     0     0     0     0     
     0     0     0     0     0     0     0     0     0     
     0     0     0     0     0     0     0     0     0     
     0     0     1     0     0     0     0     0     0     

C1   4     4     2     34    31    10    85    79    20    
     4     4     2     34    31    10    85    79    20    
     4     4     2     34    31    10    85    79    20    
     4     4     2     34    31    10    85    78    20    

bg   0     0     0     0     0     0     0     0     0     
     0     0     0     0     0     0     0     0     0     
     0     0     0     0     0     0     0     0     0     
     0     0     0     0     0     0     0     0     0     

C2   2     4     3     19    44    32    51    124   72    
     2     4     3     19    44    32    51    124   72    
     2     4     3     19    44    32    51    124   72    
     2     4     2     19    44    32    51    124   72    

bg   0     0     0     0     0     0     0     0     0     
     0     0     0     0     0     0     0     0     0     
     0     0     0     0     0     0     0     0     0     
     0     0     0     0     0     0     0     0     0     

C3   2     3     3     3     22    36    6     55    89    
     2     3     3     3     22    36    6     55    89    
     2     3     3     3     22    36    6     55    88    
     2     3     1     3     22    35    6     55    88    

bg   0     0     0     0     0     0     0     0     0     
     0     0     0     0     0     0     0     0     0     
     0     0     0     0     0     0     0     0     0     
     0     0     5     0     0     0     0     0     0     


Trial #2-------------------------

     A1    A2    A3    B1    B2    B3    C1    C2    C3    

A1   82    74    17    31    29    8     4     3     2     
     82    74    17    31    29    8     4     3     2     
     81    74    17    31    29    8     4     3     2     
     81    74    17    31    29    8     4     3     2     

bg   0     0     0     0     0     0     0     0     0     
     0     0     0     0     0     0     0     0     0     
     0     0     0     0     0     0     0     0     0     
     0     0     28    0     0     0     0     0     0     

A2   46    122   73    19    48    29    3     5     4     
     46    122   73    19    48    29    3     4     4     
     46    122   73    19    48    29    3     4     4     
     46    122   73    19    48    29    3     4     4     

bg   0     0     0     0     0     0     0     0     0     
     0     0     0     0     0     0     0     0     0     
     0     0     0     0     0     0     0     0     0     
     0     0     0     0     0     0     0     0     0     

A3   6     53    89    3     23    31    2     3     4     
     6     53    89    3     23    31    2     3     4     
     6     53    89    3     23    31    2     3     4     
     6     53    90    3     23    31    2     3     4     

bg   0     0     0     0     0     0     0     0     0     
     0     0     0     0     0     0     0     0     0     
     0     0     0     0     0     0     0     0     0     
     0     0     0     0     0     0     0     0     0     

B1   31    29    8     79    69    17    34    30    9     
     31    29    8     79    69    17    34    30    9     
     31    29    8     79    69    17    34    30    9     
     31    29    5     79    69    17    34    30    9     

bg   0     0     0     0     0     0     0     0     0     
     0     0     0     0     0     0     0     0     0     
     0     0     0     0     0     0     0     0     0     
     0     0     0     0     0     0     0     0     0     

B2   20    47    30    44    122   72    19    42    29    
     20    47    30    44    122   72    19    42    29    
     20    47    30    44    121   72    19    42    29    
     20    47    13    44    121   72    19    42    29    

bg   0     0     0     0     0     0     0     0     0     
     0     0     0     0     0     0     0     0     0     
     0     0     0     0     0     0     0     0     0     
     0     0     5     0     0     0     0     0     0     

B3   3     23    34    6     57    88    4     26    39    
     3     23    34    6     56    88    4     26    39    
     3     23    34    6     56    87    4     25    39    
     3     23    34    6     56    87    4     25    39    

bg   0     0     0     0     0     0     0     0     0     
     0     0     0     0     0     0     0     0     0     
     0     0     0     0     0     0     0     0     0     
     0     0     1     0     0     0     0     0     0     

C1   4     4     2     33    30    10    84    78    20    
     4     4     2     33    30    10    84    78    20    
     4     4     2     33    30    10    83    78    20    
     4     4     2     33    30    10    83    78    20    

bg   0     0     0     0     0     0     0     0     0     
     0     0     0     0     0     0     0     0     0     
     0     0     0     0     0     0     0     0     0     
     0     0     2     0     0     0     0     0     0     

C2   2     4     3     19    45    32    51    125   72    
     2     4     3     19    45    32    51    124   72    
     2     4     3     19    45    32    51    124   72    
     2     4     3     19    45    32    51    124   72    

bg   0     0     0     0     0     0     0     0     0     
     0     0     0     0     0     0     0     0     0     
     0     0     0     0     0     0     0     0     0     
     0     0     0     0     0     0     0     0     0     

C3   2     3     3     3     22    35    6     55    87    
     2     3     3     3     22    35    6     55    87    
     1     3     3     3     22    35    6     55    87    
     1     3     2     3     22    35    6     55    87    

bg   0     0     0     0     0     0     0     0     0     
     0     0     0     0     0     0     0     0     0     
     0     0     0     0     0     0     0     0     0     
     0     0     0     0     0     0     0     0     0     


Trial #3-------------------------

     A1    A2    A3    B1    B2    B3    C1    C2    C3    

A1   82    74    17    31    29    8     4     3     2     
     82    74    17    31    29    8     4     3     2     
     82    74    17    31    29    8     4     3     2     
     82    74    7     31    29    8     4     3     2     

bg   0     0     0     0     0     0     0     0     0     
     0     0     0     0     0     0     0     0     0     
     0     0     0     0     0     0     0     0     0     
     0     0     5     0     0     0     0     0     0     

A2   46    122   73    19    48    29    3     5     4     
     46    122   73    19    48    29    3     5     4     
     46    122   73    19    48    29    3     5     4     
     46    122   73    19    48    29    3     5     4     

bg   0     0     0     0     0     0     0     0     0     
     0     0     0     0     0     0     0     0     0     
     0     0     0     0     0     0     0     0     0     
     0     0     0     0     0     0     0     0     0     

A3   6     53    90    3     23    31    2     3     4     
     6     53    90    3     23    31    2     3     4     
     6     53    90    3     23    31    2     3     4     
     6     53    90    3     23    31    2     3     4     

bg   0     0     0     0     0     0     0     0     0     
     0     0     0     0     0     0     0     0     0     
     0     0     0     0     0     0     0     0     0     
     0     0     4     0     0     0     0     0     0     

B1   31    29    8     79    69    17    34    30    9     
     31    29    8     79    69    17    34    30    9     
     31    29    8     78    69    17    34    30    9     
     31    29    7     78    69    17    34    30    9     

bg   0     0     0     0     0     0     0     0     0     
     0     0     0     0     0     0     0     0     0     
     0     0     0     0     0     0     0     0     0     
     0     0     20    0     0     0     0     0     0     

B2   20    47    30    44    122   72    19    42    29    
     20    47    30    44    122   72    19    42    29    
     20    47    30    44    121   72    19    42    29    
     20    47    22    44    121   72    19    42    29    

bg   0     0     0     0     0     0     0     0     0     
     0     0     0     0     0     0     0     0     0     
     0     0     0     0     0     0     0     0     0     
     0     0     0     0     0     0     0     0     0     

B3   3     23    34    6     56    87    4     25    39    
     3     23    34    6     56    87    4     25    39    
     3     23    33    6     56    87    4     25    39    
     3     23    19    6     56    86    4     25    39    

bg   0     0     0     0     0     0     0     0     0     
     0     0     0     0     0     0     0     0     0     
     0     0     0     0     0     0     0     0     0     
     0     0     0     0     0     0     0     0     0     

C1   4     4     2     33    30    10    84    78    20    
     4     4     2     33    30    10    83    78    20    
     4     4     2     33    30    10    83    78    20    
     4     4     1     33    31    10    84    78    20    

bg   0     0     0     0     0     0     0     0     0     
     0     0     0     0     0     0     0     0     0     
     0     0     0     0     0     0     0     0     0     
     0     0     1     0     0     0     0     0     0     

C2   2     4     3     19    45    32    51    125   72    
     2     4     3     19    45    32    51    125   72    
     2     4     3     19    45    32    51    125   72    
     2     4     3     19    45    32    51    125   72    

bg   0     0     0     0     0     0     0     0     0     
     0     0     0     0     0     0     0     0     0     
     0     0     0     0     0     0     0     0     0     
     0     0     1     0     0     0     0     0     0     

C3   2     3     3     3     22    35    6     55    87    
     2     3     3     3     22    35    6     55    87    
     2     3     3     3     22    35    6     55    87    
     2     3     3     3     22    35    6     55    88    

bg   0     0     0     0     0     0     0     0     0     
     0     0     0     0     0     0     0     0     0     
     0     0     0     0     0     0     0     0     0     
     0     0     12    0     0     0     0     0     0     


Trial #4-------------------------

     A1    A2    A3    B1    B2    B3    C1    C2    C3    

A1   83    75    17    32    30    8     4     4     2     
     83    74    17    32    30    8     4     3     2     
     83    74    17    32    30    8     4     3     2     
     82    74    12    32    29    8     4     3     2     

bg   0     0     0     0     0     0     0     0     0     
     0     0     0     0     0     0     0     0     0     
     0     0     0     0     0     0     0     0     0     
     0     0     0     0     0     0     0     0     0     

A2   47    122   73    19    48    29    3     5     4     
     47    122   73    19    48    29    3     5     4     
     47    122   73    19    48    29    3     5     4     
     47    122   45    19    48    29    3     5     4     

bg   0     0     0     0     0     0     0     0     0     
     0     0     0     0     0     0     0     0     0     
     0     0     0     0     0     0     0     0     0     
     0     0     0     0     0     0     0     0     0     

A3   6     53    91    3     23    31    2     3     4     
     6     53    90    3     23    31    2     3     4     
     6     53    90    3     23    31    2     3     4     
     6     53    89    3     23    31    2     3     4     

bg   0     0     0     0     0     0     0     0     0     
     0     0     0     0     0     0     0     0     0     
     0     0     0     0     0     0     0     0     0     
     0     0     2     0     0     0     0     0     0     

B1   31    29    8     78    69    17    34    30    9     
     31    29    8     78    69    17    34    30    9     
     31    29    8     78    69    17    34    30    9     
     31    29    8     78    69    17    34    30    9     

bg   0     0     0     0     0     0     0     0     0     
     0     0     0     0     0     0     0     0     0     
     0     0     0     0     0     0     0     0     0     
     0     0     10    0     0     0     0     0     0     

B2   20    47    30    44    122   72    19    42    29    
     20    47    30    44    122   72    19    42    29    
     20    47    30    44    122   72    19    42    29    
     20    47    30    44    122   72    19    42    29    

bg   0     0     0     0     0     0     0     0     0     
     0     0     0     0     0     0     0     0     0     
     0     0     0     0     0     0     0     0     0     
     0     0     18    0     0     0     0     0     0     

B3   3     23    34    6     57    87    4     26    39    
     3     23    34    6     57    87    4     26    39    
     3     23    34    6     57    87    4     26    39    
     3     23    29    6     57    87    4     25    39    

bg   0     0     0     0     0     0     0     0     0     
     0     0     0     0     0     0     0     0     0     
     0     0     0     0     0     0     0     0     0     
     0     0     0     0     0     0     0     0     0     

C1   4     4     2     34    31    10    84    78    20    
     4     4     2     34    31    10    84    78    20    
     4     4     2     34    31    10    85    78    20    
     4     4     2     34    31    10    85    78    20    

bg   0     0     0     0     0     0     0     0     0     
     0     0     0     0     0     0     0     0     0     
     0     0     0     0     0     0     0     0     0     
     0     0     0     0     0     0     0     0     0     

C2   2     4     3     19    44    31    51    124   72    
     2     4     3     19    44    31    51    124   72    
     2     4     3     19    44    31    51    124   72    
     2     4     2     19    44    31    51    123   71    

bg   0     0     0     0     0     0     0     0     0     
     0     0     0     0     0     0     0     0     0     
     0     0     0     0     0     0     0     0     0     
     0     0     0     0     0     0     0     0     0     

C3   2     3     3     3     22    35    6     55    88    
     2     3     3     3     22    35    6     55    88    
     2     3     3     3     22    36    6     55    88    
     2     3     3     3     22    36    6     55    88    

bg   0     0     0     0     0     0     0     0     0     
     0     0     0     0     0     0     0     0     0     
     0     0     0     0     0     0     0     0     0     
     0     0     0     0     0     0     0     0     0     


