Trial #1-------------------------

     A1    A2    A3    B1    B2    B3    C1    C2    C3    

A1   83    74    17    32    29    7     4     3     2     
     83    74    17    32    29    7     4     3     2     
     83    74    17    31    29    7     4     3     2     
     82    74    17    31    29    7     4     3     2     

bg   0     0     0     0     0     0     0     0     0     
     0     0     0     0     0     0     0     0     0     
     0     0     0     0     0     0     0     0     0     
     0     0     0     0     0     0     0     0     0     

A2   46    121   71    19    46    24    3     4     3     
     46    121   71    19    45    24    3     4     3     
     46    121   71    19    45    24    3     4     3     
     46    121   71    19    45    24    3     4     3     

bg   0     0     0     0     0     0     0     0     0     
     0     0     0     0     0     0     0     0     0     
     0     0     0     0     0     0     0     0     0     
     0     0     0     0     0     0     0     0     0     

A3   6     51    87    3     19    24    1     2     3     
     6     51    87    3     19    24    1     2     3     
     6     51    87    3     19    24    1     2     3     
     6     51    87    3     19    24    1     2     3     

bg   0     0     0     0     0     0     0     0     0     
     0     0     0     0     0     0     0     0     0     
     0     0     0     0     0     0     0     0     0     
     0     0     0     0     0     0     0     0     0     

B1   31    29    7     78    69    16    34    30    8     
     31    29    7     78    69    16    34    30    8     
     31    29    7     78    69    16    34    30    8     
     31    29    7     78    68    16    34    30    8     

bg   0     0     0     0     0     0     0     0     0     
     0     0     0     0     0     0     0     0     0     
     0     0     0     0     0     0     0     0     0     
     0     0     0     0     0     0     0     0     0     

B2   20    44    24    44    113   54    19    40    25    
     20    44    24    44    113   54    19    40    25    
     20    44    24    44    113   54    19    40    25    
     20    44    24    43    112   54    19    40    25    

bg   0     0     0     0     0     0     0     0     0     
     0     0     0     0     0     0     0     0     0     
     0     0     0     0     0     0     0     0     0     
     0     0     0     0     0     0     0     0     0     

B3   3     17    24    6     42    58    4     22    33    
     3     17    24    6     42    58    4     22    33    
     3     17    24    6     42    58    4     22    33    
     3     17    24    6     42    58    4     22    33    

bg   0     0     0     0     0     0     0     0     0     
     0     0     0     0     0     0     0     0     0     
     0     0     0     0     0     0     0     0     0     
     0     0     0     0     0     0     0     0     0     

C1   4     4     2     34    30    10    85    79    20    
     4     4     2     34    30    10    85    78    20    
     4     4     2     34    30    10    85    78    20    
     4     4     2     34    30    10    85    78    20    

bg   0     0     0     0     0     0     0     0     0     
     0     0     0     0     0     0     0     0     0     
     0     0     0     0     0     0     0     0     0     
     0     0     0     0     0     0     0     0     0     

C2   2     4     3     19    43    29    51    124   71    
     2     4     3     19    43    29    51    124   71    
     2     4     3     19    43    29    51    124   71    
     2     4     3     19    43    29    51    124   71    

bg   0     0     0     0     0     0     0     0     0     
     0     0     0     0     0     0     0     0     0     
     0     0     0     0     0     0     0     0     0     
     0     0     0     0     0     0     0     0     0     

C3   1     3     3     3     20    32    6     54    88    
     1     3     3     3     20    32    6     54    88    
     1     3     3     3     20    32    6     54    88    
     1     3     3     3     20    31    6     54    87    

bg   0     0     0     0     0     0     0     0     0     
     0     0     0     0     0     0     0     0     0     
     0     0     0     0     0     0     0     0     0     
     0     0     0     0     0     0     0     0     0     


Trial #2-------------------------

     A1    A2    A3    B1    B2    B3    C1    C2    C3    

A1   82    74    17    31    29    7     4     3     2     
     82    74    17    31    29    7     4     3     2     
     82    74    17    31    29    7     4     3     2     
     81    73    16    31    29    7     4     3     2     

bg   0     0     0     0     0     0     0     0     0     
     0     0     0     0     0     0     0     0     0     
     0     0     0     0     0     0     0     0     0     
     0     0     0     0     0     0     0     0     0     

A2   46    121   71    19    46    24    3     4     3     
     46    121   71    19    46    24    3     4     3     
     46    121   71    19    46    24    3     4     3     
     46    121   71    19    46    24    3     4     3     

bg   0     0     0     0     0     0     0     0     0     
     0     0     0     0     0     0     0     0     0     
     0     0     0     0     0     0     0     0     0     
     0     0     0     0     0     0     0     0     0     

A3   6     51    87    3     19    24    1     2     3     
     6     51    87    3     19    24    1     2     3     
     6     51    87    3     19    24    1     2     3     
     6     51    87    3     19    24    1     2     3     

bg   0     0     0     0     0     0     0     0     0     
     0     0     0     0     0     0     0     0     0     
     0     0     0     0     0     0     0     0     0     
     0     0     0     0     0     0     0     0     0     

B1   31    29    7     79    69    16    34    30    8     
     31    29    7     79    69    16    34    30    8     
     31    29    7     79    69    16    34    30    8     
     31    29    7     79    69    16    34    30    8     

bg   0     0     0     0     0     0     0     0     0     
     0     0     0     0     0     0     0     0     0     
     0     0     0     0     0     0     0     0     0     
     0     0     0     0     0     0     0     0     0     

B2   19    43    24    43    112   54    19    40    25    
     19    43    24    43    112   53    19    40    25    
     19    43    24    43    112   53    19    40    25    
     20    43    24    43    112   53    19    40    25    

bg   0     0     0     0     0     0     0     0     0     
     0     0     0     0     0     0     0     0     0     
     0     0     0     0     0     0     0     0     0     
     0     0     0     0     0     0     0     0     0     

B3   3     17    24    6     42    58    4     22    34    
     3     17    24    6     42    58    4     22    34    
     3     17    24    6     42    58    4     22    34    
     3     17    24    6     42    58    4     22    33    

bg   0     0     0     0     0     0     0     0     0     
     0     0     0     0     0     0     0     0     0     
     0     0     0     0     0     0     0     0     0     
     0     0     0     0     0     0     0     0     0     

C1   4     4     2     34    30    10    85    79    20    
     4     4     2     34    30    10    85    78    20    
     4     4     2     34    30    10    84    78    20    
     4     4     2     34    30    10    84    78    20    

bg   0     0     0     0     0     0     0     0     0     
     0     0     0     0     0     0     0     0     0     
     0     0     0     0     0     0     0     0     0     
     0     0     0     0     0     0     0     0     0     

C2   2     4     3     19    43    29    51    124   71    
     2     4     3     19    43    29    51    124   71    
     2     4     3     19    43    29    51    124   71    
     2     4     3     19    43    29    51    124   71    

bg   0     0     0     0     0     0     0     0     0     
     0     0     0     0     0     0     0     0     0     
     0     0     0     0     0     0     0     0     0     
     0     0     0     0     0     0     0     0     0     

C3   1     3     3     3     20    31    6     54    87    
     1     3     3     3     20    31    6     54    87    
     1     3     3     3     20    31    6     54    87    
     1     3     3     3     20    31    6     54    87    

bg   0     0     0     0     0     0     0     0     0     
     0     0     0     0     0     0     0     0     0     
     0     0     0     0     0     0     0     0     0     
     0     0     0     0     0     0     0     0     0     


Trial #3-------------------------

     A1    A2    A3    B1    B2    B3    C1    C2    C3    

A1   82    74    17    31    29    7     4     3     2     
     82    74    17    31    29    7     4     3     2     
     82    74    17    31    29    7     4     3     2     
     82    74    17    31    29    7     4     3     2     

bg   0     0     0     0     0     0     0     0     0     
     0     0     0     0     0     0     0     0     0     
     0     0     0     0     0     0     0     0     0     
     0     0     0     0     0     0     0     0     0     

A2   46    120   71    19    45    24    3     4     3     
     46    120   71    19    45    24    3     4     3     
     46    120   71    19    45    24    3     4     3     
     46    120   71    19    45    24    3     4     3     

bg   0     0     0     0     0     0     0     0     0     
     0     0     0     0     0     0     0     0     0     
     0     0     0     0     0     0     0     0     0     
     0     0     0     0     0     0     0     0     0     

A3   6     51    87    3     19    24    1     2     3     
     6     50    85    3     19    24    1     2     3     
     6     51    87    3     19    24    1     2     3     
     6     51    87    3     19    24    1     2     3     

bg   0     0     0     0     0     0     0     0     0     
     0     0     0     0     0     0     0     0     0     
     0     0     0     0     0     0     0     0     0     
     0     0     0     0     0     0     0     0     0     

B1   31    29    7     79    69    16    34    30    8     
     31    29    7     79    69    16    34    30    8     
     31    29    7     79    69    16    34    30    8     
     31    29    8     79    69    16    34    30    8     

bg   0     0     0     0     0     0     0     0     0     
     0     0     0     0     0     0     0     0     0     
     0     0     0     0     0     0     0     0     0     
     0     0     0     0     0     0     0     0     0     

B2   19    43    24    43    112   53    19    40    25    
     20    43    24    43    112   53    19    40    25    
     20    43    24    43    112   53    19    40    25    
     20    43    24    43    112   53    19    40    25    

bg   0     0     0     0     0     0     0     0     0     
     0     0     0     0     0     0     0     0     0     
     0     0     0     0     0     0     0     0     0     
     0     0     0     0     0     0     0     0     0     

B3   3     17    24    5     42    58    4     22    33    
     3     17    24    6     42    58    4     22    33    
     3     17    24    6     42    58    4     22    33    
     3     17    24    6     42    58    4     22    33    

bg   0     0     0     0     0     0     0     0     0     
     0     0     0     0     0     0     0     0     0     
     0     0     0     0     0     0     0     0     0     
     0     0     0     0     0     0     0     0     0     

C1   4     4     2     34    30    10    85    79    20    
     4     4     2     34    30    10    85    79    20    
     4     4     2     34    30    10    84    78    20    
     4     4     2     34    30    10    84    78    20    

bg   0     0     0     0     0     0     0     0     0     
     0     0     0     0     0     0     0     0     0     
     0     0     0     0     0     0     0     0     0     
     0     0     0     0     0     0     0     0     0     

C2   2     4     3     19    43    29    51    125   72    
     2     4     3     19    43    29    51    124   72    
     2     4     3     19    43    29    51    124   72    
     2     4     3     19    43    29    51    124   72    

bg   0     0     0     0     0     0     0     0     0     
     0     0     0     0     0     0     0     0     0     
     0     0     0     0     0     0     0     0     0     
     0     0     0     0     0     0     0     0     0     

C3   1     3     3     3     20    31    6     54    87    
     1     3     3     3     20    31    6     54    87    
     1     3     3     3     20    31    6     54    87    
     1     3     3     3     20    31    6     54    87    

bg   0     0     0     0     0     0     0     0     0     
     0     0     0     0     0     0     0     0     0     
     0     0     0     0     0     0     0     0     0     
     0     0     0     0     0     0     0     0     0     


Trial #4-------------------------

     A1    A2    A3    B1    B2    B3    C1    C2    C3    

A1   83    74    17    32    29    7     4     3     2     
     83    74    17    31    29    7     4     3     2     
     82    74    17    31    29    7     4     3     2     
     82    74    17    31    29    7     4     3     2     

bg   0     0     0     0     0     0     0     0     0     
     0     0     0     0     0     0     0     0     0     
     0     0     0     0     0     0     0     0     0     
     0     0     0     0     0     0     0     0     0     

A2   46    121   71    19    45    24    3     4     3     
     46    121   71    19    45    24    3     4     3     
     46    120   71    19    45    24    3     4     3     
     46    120   71    19    45    24    3     4     3     

bg   0     0     0     0     0     0     0     0     0     
     0     0     0     0     0     0     0     0     0     
     0     0     0     0     0     0     0     0     0     
     0     0     0     0     0     0     0     0     0     

A3   6     51    87    3     19    24    1     2     3     
     6     51    87    3     19    24    1     2     3     
     6     51    87    3     19    24    1     2     3     
     6     51    87    3     19    24    1     2     3     

bg   0     0     0     0     0     0     0     0     0     
     0     0     0     0     0     0     0     0     0     
     0     0     0     0     0     0     0     0     0     
     0     0     0     0     0     0     0     0     0     

B1   31    29    7     78    68    16    34    30    8     
     31    29    7     78    68    16    34    30    8     
     31    29    7     78    68    16    34    30    8     
     31    29    7     78    68    16    33    30    8     

bg   0     0     0     0     0     0     0     0     0     
     0     0     0     0     0     0     0     0     0     
     0     0     0     0     0     0     0     0     0     
     0     0     0     0     0     0     0     0     0     

B2   19    43    24    43    112   53    19    40    25    
     19    43    24    43    112   53    19    40    25    
     20    43    24    43    112   53    19    40    25    
     20    43    24    43    112   53    19    40    25    

bg   0     0     0     0     0     0     0     0     0     
     0     0     0     0     0     0     0     0     0     
     0     0     0     0     0     0     0     0     0     
     0     0     0     0     0     0     0     0     0     

B3   3     17    24    6     42    58    4     22    33    
     3     17    24    6     42    58    4     22    33    
     3     17    24    6     42    58    4     22    33    
     3     17    24    6     42    58    4     22    33    

bg   0     0     0     0     0     0     0     0     0     
     0     0     0     0     0     0     0     0     0     
     0     0     0     0     0     0     0     0     0     
     0     0     0     0     0     0     0     0     0     

C1   4     4     2     33    30    10    84    78    20    
     4     4     2     34    30    10    84    78    20    
     4     4     2     34    30    10    84    78    20    
     4     4     2     33    30    10    84    78    20    

bg   0     0     0     0     0     0     0     0     0     
     0     0     0     0     0     0     0     0     0     
     0     0     0     0     0     0     0     0     0     
     0     0     0     0     0     0     0     0     0     

C2   2     4     3     19    43    29    51    125   72    
     2     4     3     19    43    29    51    125   72    
     2     4     3     19    43    29    51    125   72    
     2     4     3     19    43    29    51    124   72    

bg   0     0     0     0     0     0     0     0     0     
     0     0     0     0     0     0     0     0     0     
     0     0     0     0     0     0     0     0     0     
     0     0     0     0     0     0     0     0     0     

C3   1     3     3     3     20    31    6     54    87    
     1     3     3     3     20    31    6     54    87    
     1     3     3     3     20    31    6     54    87    
     1     3     3     3     20    31    6     54    87    

bg   0     0     0     0     0     0     0     0     0     
     0     0     0     0     0     0     0     0     0     
     0     0     0     0     0     0     0     0     0     
     0     0     0     0     0     0     0     0     0     


