Trial #1-------------------------

     A1    A2    A3    B1    B2    B3    C1    C2    C3    

A1   136   153   102   102   137   116   105   151   142   
     136   152   102   101   136   116   105   151   142   
     135   152   103   101   136   116   105   151   142   
     135   152   103   101   136   116   105   151   142   

bg   61    82    85    70    107   108   100   148   140   
     61    82    84    70    107   107   100   148   140   
     61    82    84    70    107   107   100   148   140   
     61    82    84    71    107   107   100   148   140   

A2   107   194   152   90    153   136   104   153   143   
     107   194   152   90    153   135   104   153   143   
     107   194   152   90    153   135   104   152   143   
     107   193   152   90    152   136   104   153   143   

bg   61    83    85    71    107   108   100   148   140   
     61    83    85    71    107   108   100   148   140   
     61    82    85    70    107   108   100   148   140   
     61    82    85    70    107   108   100   148   140   

A3   68    133   167   74    129   138   102   151   144   
     68    133   167   74    129   138   102   151   144   
     68    133   167   74    129   137   102   151   144   
     68    133   166   74    129   137   102   151   144   

bg   61    82    84    71    107   107   101   148   140   
     61    82    84    71    107   107   101   148   140   
     61    82    84    71    107   107   100   148   140   
     61    83    85    71    107   108   101   149   141   

B1   91    111   93    144   172   125   134   179   150   
     91    111   93    144   172   125   134   179   150   
     91    111   93    144   172   125   134   179   150   
     91    111   93    144   171   124   134   178   149   

bg   62    83    85    72    108   108   102   150   141   
     62    84    85    72    109   109   102   151   142   
     63    84    86    72    109   109   103   151   142   
     64    86    86    73    111   110   105   154   144   

B2   82    128   116   115   217   177   121   191   173   
     81    127   113   112   215   175   119   188   168   
     81    127   113   112   214   175   119   188   168   
     81    127   113   112   214   175   119   188   168   

bg   62    83    85    71    108   108   101   149   141   
     62    83    85    71    107   108   101   149   141   
     62    83    84    71    107   107   101   148   140   
     62    83    85    71    108   108   102   149   140   

B3   65    104   116   76    159   189   104   172   177   
     65    104   116   76    158   189   104   172   177   
     65    104   116   76    159   190   104   172   178   
     65    104   116   76    159   190   104   172   178   

bg   61    82    85    71    107   108   100   148   141   
     61    82    85    71    107   108   100   148   140   
     61    83    85    71    107   108   100   148   140   
     61    83    85    71    107   108   101   148   140   

C1   65    86    86    104   137   117   181   223   160   
     65    86    86    104   137   118   181   223   160   
     65    86    86    103   137   117   181   223   159   
     65    86    86    103   137   118   181   223   160   

bg   61    83    85    71    107   108   100   148   140   
     61    82    85    71    107   108   100   148   140   
     61    83    85    71    107   108   100   148   141   
     61    82    85    71    107   108   100   148   141   

C2   64    86    87    90    150   138   150   270   211   
     64    86    87    90    150   138   151   269   211   
     64    86    87    90    150   138   151   269   210   
     64    86    87    90    150   138   151   269   210   

bg   61    82    84    71    107   107   101   148   140   
     61    82    84    71    107   107   100   148   140   
     61    82    84    71    107   107   100   148   140   
     61    82    84    71    107   107   100   148   140   

C3   63    85    88    74    128   142   106   201   225   
     63    85    88    74    128   142   106   201   225   
     63    85    88    74    129   142   107   201   224   
     63    85    88    74    129   142   107   201   224   

bg   62    84    85    72    108   108   102   150   141   
     62    84    85    72    108   109   102   150   141   
     62    84    85    72    108   109   102   150   141   
     62    84    86    72    108   109   102   150   142   


Trial #2-------------------------

     A1    A2    A3    B1    B2    B3    C1    C2    C3    

A1   136   153   103   101   137   116   105   152   143   
     135   153   103   101   137   116   105   152   143   
     135   152   103   101   136   116   105   151   143   
     135   152   103   101   136   116   105   151   142   

bg   61    82    84    70    106   107   100   147   139   
     61    82    84    71    106   107   100   148   139   
     61    83    84    71    107   107   101   148   139   
     62    83    84    71    107   107   101   148   140   

A2   107   194   153   90    153   136   104   153   144   
     107   194   153   90    153   136   104   153   144   
     107   194   153   90    153   136   104   153   144   
     107   194   153   90    153   136   104   153   145   

bg   61    83    85    71    107   108   101   149   141   
     61    83    85    71    107   108   101   149   141   
     62    83    85    71    108   108   101   149   141   
     62    83    85    71    108   108   101   150   141   

A3   69    135   168   75    131   139   104   154   146   
     69    135   168   75    131   139   104   153   146   
     69    134   168   75    131   139   104   153   146   
     69    134   168   75    131   139   103   152   146   

bg   61    83    85    71    107   108   101   149   141   
     61    83    85    71    107   108   101   149   141   
     61    83    85    71    107   108   101   149   141   
     61    83    85    71    107   108   101   149   141   

B1   91    111   92    144   171   124   134   178   149   
     91    111   92    144   171   124   134   178   149   
     91    111   92    144   171   124   134   178   149   
     91    111   92    144   171   124   134   178   149   

bg   62    83    85    71    107   108   101   149   141   
     62    83    85    71    108   108   101   149   141   
     62    83    85    71    108   108   101   149   141   
     62    83    85    71    108   108   101   149   141   

B2   81    127   114   113   216   175   120   189   169   
     81    128   113   113   216   175   120   189   169   
     81    128   113   113   215   175   120   189   169   
     81    128   113   113   215   175   120   189   168   

bg   62    83    85    71    107   108   101   149   140   
     62    83    84    71    107   107   101   148   140   
     61    82    84    71    107   107   101   148   140   
     61    82    84    71    107   107   101   148   140   

B3   65    105   117   77    159   191   105   173   179   
     65    105   117   77    159   191   105   173   179   
     65    105   117   77    159   191   105   173   179   
     65    105   117   77    159   191   105   173   179   

bg   62    83    85    71    107   108   101   149   141   
     62    83    85    71    107   108   101   149   140   
     62    83    84    71    107   107   101   149   140   
     62    83    84    71    107   107   101   149   140   

C1   65    86    86    103   136   118   181   223   160   
     65    86    86    103   136   118   180   223   160   
     65    86    86    103   136   118   180   223   160   
     65    86    86    103   136   118   179   222   160   

bg   61    83    85    71    107   108   100   148   140   
     61    82    84    71    107   107   100   148   140   
     61    82    84    71    107   107   100   148   140   
     61    82    84    71    107   107   101   148   140   

C2   64    86    87    90    150   138   151   270   211   
     64    87    87    90    151   138   151   270   211   
     64    87    87    90    150   139   151   270   211   
     64    86    87    90    150   138   151   270   211   

bg   61    82    85    71    107   108   100   148   140   
     61    82    84    70    107   107   100   148   140   
     61    82    84    70    107   107   100   148   140   
     61    82    84    71    107   107   100   148   140   

C3   63    85    87    74    128   141   106   200   223   
     63    85    87    74    128   141   106   200   223   
     63    85    87    74    128   140   106   200   222   
     63    85    87    74    128   140   106   200   222   

bg   61    82    84    70    106   107   100   147   139   
     61    82    84    70    106   107   100   147   139   
     61    82    84    70    106   107   100   147   140   
     61    82    84    70    106   107   100   148   140   


Trial #3-------------------------

     A1    A2    A3    B1    B2    B3    C1    C2    C3    

A1   135   152   103   101   136   116   104   151   142   
     135   152   102   101   136   116   104   151   142   
     135   152   102   101   136   115   105   151   142   
     136   152   102   101   136   115   105   151   141   

bg   61    82    84    71    107   107   100   148   139   
     61    82    84    71    106   107   100   148   139   
     61    82    84    71    106   107   100   147   139   
     61    82    84    70    106   107   100   147   139   

A2   106   193   152   89    152   135   103   152   143   
     106   193   152   89    152   135   103   152   143   
     106   193   152   89    152   135   103   152   144   
     106   192   152   90    152   135   103   152   143   

bg   61    82    84    71    107   107   100   148   139   
     61    82    84    71    107   107   101   148   139   
     61    82    84    71    107   107   101   148   139   
     61    82    84    71    107   107   101   148   139   

A3   68    133   167   74    129   138   102   151   144   
     68    133   167   74    129   138   102   151   144   
     68    133   167   74    129   138   102   151   144   
     68    133   168   74    130   139   102   152   145   

bg   62    84    86    72    108   109   102   150   142   
     62    83    85    71    108   108   101   150   141   
     62    83    85    71    108   108   101   149   141   
     62    83    85    71    107   108   101   149   141   

B1   91    111   92    144   171   123   134   178   148   
     91    111   92    144   171   124   134   178   149   
     91    111   92    144   170   123   133   177   148   
     91    111   92    143   170   123   133   177   149   

bg   61    82    84    70    107   107   100   148   140   
     61    82    84    70    107   107   100   148   140   
     61    82    84    71    107   108   100   148   140   
     61    82    84    71    107   107   100   148   140   

B2   81    126   112   112   214   174   119   187   166   
     81    126   112   112   214   173   119   187   166   
     81    126   112   112   214   173   119   187   166   
     81    126   112   112   214   173   119   187   166   

bg   61    83    84    71    107   107   100   148   140   
     61    83    85    71    107   108   101   148   140   
     61    83    85    71    107   108   101   149   141   
     61    83    85    71    108   108   101   149   141   

B3   65    105   117   77    160   192   105   174   179   
     65    105   117   77    160   191   105   173   178   
     65    105   116   77    159   190   105   173   178   
     65    105   116   77    159   189   105   172   177   

bg   61    83    84    71    107   107   101   148   140   
     61    83    84    71    107   107   101   148   140   
     61    82    84    71    107   107   101   148   140   
     61    83    84    71    107   107   100   148   140   

C1   65    86    87    103   137   118   180   223   161   
     65    86    87    103   137   118   180   224   161   
     65    86    87    103   137   118   180   223   161   
     65    86    87    103   137   118   180   223   160   

bg   62    83    85    71    107   108   101   149   140   
     62    83    85    71    107   108   101   149   140   
     62    83    85    71    108   108   101   149   140   
     62    83    85    71    108   108   101   149   141   

C2   64    87    88    90    150   139   151   270   212   
     64    87    88    90    150   139   151   269   212   
     64    87    88    90    150   139   150   269   212   
     64    87    88    90    151   139   151   270   212   

bg   62    83    85    71    108   108   101   149   141   
     62    83    85    71    108   108   101   149   141   
     62    83    85    71    108   108   101   149   141   
     62    83    85    71    108   108   101   149   141   

C3   63    85    88    74    129   141   107   201   223   
     63    85    88    74    129   141   107   201   223   
     63    85    88    74    129   142   107   201   224   
     63    85    88    74    129   142   107   201   224   

bg   61    83    85    71    107   108   101   148   141   
     61    83    85    71    107   108   101   149   141   
     61    83    85    71    107   108   101   149   141   
     62    83    85    71    107   108   101   149   141   


Trial #4-------------------------

     A1    A2    A3    B1    B2    B3    C1    C2    C3    

A1   136   153   103   102   137   116   105   152   142   
     136   152   102   102   137   116   105   152   142   
     136   152   102   101   136   115   105   151   142   
     135   152   102   101   136   115   105   151   142   

bg   61    82    84    71    107   107   100   148   140   
     61    82    84    71    107   107   100   148   140   
     61    82    84    70    107   107   100   148   140   
     61    82    84    70    107   107   100   148   140   

A2   106   193   152   90    152   135   103   152   143   
     106   193   152   90    152   135   103   152   143   
     107   193   152   90    152   135   104   152   143   
     106   193   152   90    152   135   103   152   143   

bg   61    82    84    71    107   107   101   148   139   
     61    82    84    71    107   107   101   148   140   
     62    83    85    71    108   108   102   150   141   
     62    83    86    72    108   109   102   150   142   

A3   68    134   168   75    131   139   103   153   146   
     69    134   168   75    131   139   103   153   146   
     68    133   168   74    130   138   102   151   144   
     68    132   167   74    129   137   101   150   143   

bg   61    82    84    70    106   106   100   147   139   
     61    82    84    70    106   106   100   147   139   
     61    82    84    70    106   106   100   147   139   
     61    82    84    70    106   106   100   147   139   

B1   91    110   92    143   170   123   133   177   148   
     90    110   92    143   170   123   132   177   148   
     90    110   92    143   170   123   132   177   148   
     91    110   92    143   170   124   133   177   149   

bg   61    82    84    71    107   107   100   148   140   
     61    82    84    71    107   107   100   148   139   
     61    82    84    71    106   107   100   147   139   
     61    82    84    71    106   107   100   148   139   

B2   81    127   112   112   214   174   119   188   167   
     81    127   113   112   214   174   119   188   167   
     81    127   113   112   214   174   119   188   168   
     81    127   113   112   214   174   119   188   168   

bg   61    82    85    71    107   108   100   148   140   
     61    82    84    71    107   107   100   148   140   
     61    82    84    70    107   107   100   148   140   
     61    82    84    71    107   107   100   148   140   

B3   65    104   116   76    159   190   105   172   177   
     65    104   116   77    159   190   105   172   177   
     65    104   116   77    159   190   105   172   177   
     65    104   116   77    159   190   105   173   177   

bg   62    83    85    71    107   108   101   149   141   
     61    83    85    71    107   108   101   149   141   
     61    83    85    71    107   108   100   148   140   
     61    82    85    71    107   108   100   148   140   

C1   65    86    86    103   137   118   181   224   160   
     65    86    87    104   137   118   181   224   160   
     65    86    87    104   137   118   181   224   160   
     66    87    87    104   138   118   182   225   161   

bg   62    83    85    72    108   108   102   150   141   
     62    83    85    71    108   108   101   149   141   
     62    83    85    71    108   108   101   149   141   
     61    83    85    71    107   108   101   149   141   

C2   64    87    88    90    150   139   150   269   212   
     64    87    88    90    150   139   150   269   212   
     64    87    88    90    150   139   150   269   211   
     64    87    87    90    150   138   151   269   211   

bg   62    83    85    71    107   108   101   149   140   
     62    83    85    71    107   107   101   148   140   
     61    83    84    71    107   107   101   148   140   
     61    83    85    71    107   108   101   149   140   

C3   63    85    88    74    128   141   106   201   224   
     63    85    88    74    128   142   106   200   224   
     63    85    88    74    128   142   106   200   224   
     63    85    88    74    128   142   106   201   224   

bg   62    83    85    71    108   108   101   149   141   
     62    83    85    71    108   108   101   149   141   
     62    83    85    71    108   108   102   149   141   
     62    83    85    71    108   108   101   149   141   


