Trial #1-------------------------

     A1    A2    A3    B1    B2    B3    C1    C2    C3    

A1   113   130   98    88    127   111   103   153   141   
     112   128   96    87    125   110   101   151   138   
     111   128   96    86    124   109   101   151   137   
     112   128   95    87    124   109   101   150   136   

bg   50    73    80    64    103   103   98    148   135   
     50    73    80    64    103   102   98    148   134   
     50    72    80    64    103   102   98    147   134   
     50    72    80    63    102   102   97    147   134   

A2   84    170   147   76    142   130   99    151   139   
     84    170   147   76    142   130   99    152   139   
     84    170   147   76    142   130   99    152   139   
     84    170   147   76    142   130   99    152   139   

bg   50    73    80    64    103   103   98    149   135   
     50    73    80    64    103   103   98    149   135   
     51    73    80    64    103   103   99    149   135   
     51    73    81    64    104   103   99    149   135   

A3   57    124   165   67    127   134   100   152   140   
     57    124   165   67    127   135   100   152   141   
     57    124   166   67    127   135   100   152   141   
     57    124   166   67    127   136   99    152   142   

bg   51    74    82    64    104   105   98    150   138   
     51    74    82    64    104   105   99    151   138   
     51    74    82    65    105   105   99    151   138   
     51    74    82    65    105   105   100   151   138   

B1   73    94    88    133   164   120   133   182   146   
     73    94    88    133   164   120   133   182   146   
     73    94    88    132   164   120   133   181   146   
     73    94    88    132   164   120   132   181   147   

bg   51    74    82    65    105   105   99    151   139   
     51    74    82    65    105   105   99    151   139   
     51    74    82    65    105   105   99    151   139   
     51    74    82    65    105   105   99    151   139   

B2   65    114   110   103   214   175   119   194   167   
     65    114   110   103   214   174   119   194   167   
     66    114   110   103   215   174   119   194   167   
     66    115   110   104   215   174   120   194   167   

bg   52    75    82    66    106   105   100   152   139   
     51    75    83    65    106   106   100   152   139   
     51    74    83    65    106   106   100   152   140   
     51    74    83    65    106   106   100   152   140   

B3   55    98    117   71    162   194   104   179   180   
     55    98    116   72    163   193   105   179   180   
     55    98    116   72    163   193   105   179   179   
     55    98    116   72    163   192   105   179   179   

bg   52    75    83    66    106   106   101   153   139   
     52    75    83    66    106   106   101   153   139   
     52    75    83    66    107   106   101   153   140   
     52    75    83    66    106   106   101   153   140   

C1   54    78    85    97    136   117   180   229   161   
     54    78    85    97    136   118   179   229   161   
     55    78    85    97    136   117   179   229   161   
     55    78    85    97    136   117   179   229   161   

bg   52    75    83    66    106   106   101   153   139   
     52    75    83    66    106   106   101   153   139   
     52    75    83    66    106   106   101   153   139   
     52    75    83    66    106   105   101   153   139   

C2   54    79    86    85    150   138   151   275   211   
     54    78    86    85    150   138   151   274   211   
     54    78    86    85    150   138   150   274   212   
     54    78    86    84    150   138   150   274   212   

bg   52    75    83    65    106   106   100   153   140   
     52    75    83    66    106   106   100   153   140   
     52    75    83    66    106   106   101   153   140   
     52    75    83    66    106   106   101   153   139   

C3   53    78    86    69    128   140   108   207   224   
     53    78    86    69    128   140   107   207   224   
     53    78    86    69    128   141   107   207   225   
     53    78    86    69    128   141   107   207   225   

bg   52    75    83    65    106   107   100   153   141   
     52    75    83    65    106   107   100   153   141   
     52    75    83    65    106   107   100   153   141   
     52    75    83    66    106   106   100   153   140   


Trial #2-------------------------

     A1    A2    A3    B1    B2    B3    C1    C2    C3    

A1   114   131   99    89    128   112   105   156   141   
     114   131   98    89    128   112   105   156   141   
     114   131   98    89    128   112   105   156   141   
     114   131   98    89    128   112   105   156   141   

bg   52    75    83    66    106   106   101   153   140   
     52    75    83    65    106   106   100   153   140   
     52    75    83    65    106   106   100   153   140   
     52    75    83    65    106   106   100   153   140   

A2   86    172   149   78    146   133   103   157   144   
     86    172   149   78    146   133   103   157   143   
     86    172   149   79    146   133   103   157   143   
     86    172   149   79    146   133   104   157   143   

bg   52    75    83    66    106   106   101   153   139   
     52    75    83    66    106   106   101   153   139   
     52    75    82    66    106   106   101   153   139   
     51    75    82    65    106   106   100   152   139   

A3   57    125   168   68    128   138   101   155   144   
     58    126   168   68    129   138   101   155   144   
     58    126   168   68    129   138   101   155   144   
     58    126   167   68    129   137   101   155   144   

bg   52    75    83    66    106   106   101   153   139   
     52    75    83    66    106   106   101   153   139   
     52    75    82    66    106   105   101   153   139   
     52    75    82    66    106   105   101   153   139   

B1   73    94    88    132   165   121   132   182   148   
     73    94    88    131   164   121   132   182   148   
     73    94    88    131   164   121   132   182   148   
     73    94    88    130   164   121   131   182   148   

bg   51    74    82    65    105   105   99    151   139   
     51    74    82    65    105   105   99    151   138   
     51    74    82    65    105   105   100   151   138   
     51    74    82    65    105   105   100   151   138   

B2   65    114   110   103   215   174   119   193   166   
     65    114   110   103   214   174   119   193   167   
     65    114   110   103   214   174   118   193   167   
     65    113   110   102   214   174   118   193   167   

bg   51    74    82    64    104   105   99    151   138   
     51    74    82    64    104   105   99    151   138   
     51    74    82    64    104   105   99    151   138   
     51    74    82    65    105   105   99    151   138   

B3   55    97    115   71    161   190   104   177   177   
     55    97    115   71    161   190   105   177   176   
     55    97    115   71    161   190   105   177   176   
     55    97    115   71    161   189   104   177   176   

bg   51    74    82    65    105   105   99    151   138   
     51    74    82    65    105   105   99    151   138   
     51    74    82    65    105   105   99    151   138   
     51    74    82    65    105   105   99    151   139   

C1   54    77    84    97    135   116   179   227   159   
     54    78    84    97    135   116   180   228   159   
     54    78    84    98    136   116   181   228   159   
     55    78    84    98    136   116   181   228   159   

bg   52    75    82    66    106   106   101   153   139   
     52    75    82    66    106   106   101   152   139   
     51    75    82    66    106   106   100   152   139   
     51    75    82    65    106   106   100   152   139   

C2   53    78    86    85    150   138   150   275   212   
     53    78    86    84    150   138   150   275   212   
     53    78    86    85    150   138   150   274   212   
     54    78    86    85    150   138   151   274   212   

bg   52    75    83    66    107   106   102   154   140   
     52    75    83    66    107   106   102   154   140   
     52    76    83    67    107   107   102   154   140   
     52    76    84    67    107   107   102   155   141   

C3   54    79    88    70    130   143   108   209   228   
     54    78    88    70    130   143   108   209   229   
     53    78    88    69    130   143   108   209   229   
     53    78    88    69    130   143   108   209   229   

bg   52    76    84    67    108   108   102   155   142   
     52    76    84    67    108   108   102   155   142   
     53    76    84    67    108   108   103   155   142   
     53    76    84    67    108   108   103   156   142   


Trial #3-------------------------

     A1    A2    A3    B1    B2    B3    C1    C2    C3    

A1   115   132   100   91    130   114   107   159   143   
     115   132   100   90    130   114   106   159   143   
     114   132   100   90    130   114   106   159   144   
     114   132   100   90    130   114   106   159   144   

bg   52    76    84    67    108   108   102   156   143   
     52    76    84    66    108   108   102   156   143   
     52    76    84    67    108   108   102   155   143   
     52    76    84    67    108   108   102   155   142   

A2   87    174   150   80    147   134   105   159   145   
     87    173   150   80    147   134   105   159   144   
     87    173   149   80    147   134   105   159   144   
     87    173   149   80    147   134   105   159   144   

bg   52    76    84    67    108   108   102   155   142   
     52    76    84    67    108   108   102   155   142   
     52    76    84    67    108   108   102   155   143   
     52    76    84    67    108   108   102   156   143   

A3   59    127   169   70    131   140   104   159   147   
     59    127   168   70    131   139   104   159   147   
     59    127   167   70    131   139   104   159   147   
     60    127   167   71    131   139   105   159   146   

bg   53    77    85    68    109   108   104   156   142   
     53    77    85    68    109   108   103   156   142   
     53    77    85    67    109   108   103   156   143   
     53    77    85    67    109   109   103   156   143   

B1   75    96    91    133   168   125   135   187   153   
     75    97    91    134   168   125   135   187   153   
     75    97    92    134   168   125   136   188   154   
     75    97    92    134   168   125   136   188   153   

bg   53    77    85    68    109   108   104   157   143   
     53    77    85    68    109   108   104   156   142   
     53    77    85    68    109   108   104   156   142   
     53    77    84    68    108   108   104   156   142   

B2   67    116   113   105   217   178   121   198   172   
     67    115   113   105   217   178   121   197   172   
     67    115   112   104   216   178   121   197   172   
     66    115   112   104   216   177   121   197   171   

bg   53    76    84    67    107   108   102   155   142   
     53    76    84    67    107   107   102   155   141   
     53    76    84    67    108   107   102   155   141   
     53    76    84    67    108   107   103   155   141   

B3   56    99    117   73    164   192   107   180   180   
     56    99    117   73    164   192   107   180   180   
     56    99    117   73    164   193   106   180   180   
     56    99    117   73    163   193   106   180   181   

bg   52    75    84    66    107   107   101   154   142   
     52    75    84    66    107   107   101   154   141   
     52    75    84    66    107   107   102   154   141   
     52    75    83    66    107   107   102   154   141   

C1   56    79    85    99    137   117   183   230   161   
     56    79    85    100   137   117   184   230   160   
     56    79    85    99    137   117   183   230   160   
     55    79    85    99    137   117   183   230   160   

bg   52    75    83    66    107   107   101   154   141   
     52    75    83    66    106   107   101   153   141   
     52    75    83    66    106   107   101   153   141   
     52    75    83    66    106   106   101   153   140   

C2   54    79    86    85    150   138   151   275   212   
     54    79    86    86    151   138   152   275   211   
     54    79    86    86    151   138   152   275   211   
     54    79    86    86    151   138   152   275   211   

bg   52    75    83    66    107   106   102   153   140   
     52    75    83    66    107   106   102   153   140   
     52    75    83    66    107   107   102   154   140   
     52    75    83    66    107   107   101   154   141   

C3   54    78    87    70    129   143   108   208   228   
     54    78    88    70    130   143   108   209   228   
     54    78    88    70    130   143   109   209   228   
     54    78    87    70    129   142   108   208   227   

bg   52    75    83    67    107   106   102   154   140   
     52    75    83    67    107   106   102   154   140   
     52    75    83    67    107   106   102   154   140   
     52    75    83    66    106   106   102   153   140   


Trial #4-------------------------

     A1    A2    A3    B1    B2    B3    C1    C2    C3    

A1   114   131   99    89    128   113   105   156   142   
     113   130   99    89    128   113   104   156   142   
     113   130   99    89    128   113   104   156   142   
     113   130   99    89    128   113   104   156   142   

bg   52    75    83    66    107   107   102   154   141   
     52    75    83    67    107   107   102   154   141   
     53    76    83    67    107   107   102   154   140   
     53    76    83    67    107   107   102   154   140   

A2   87    174   150   80    147   134   105   159   144   
     87    173   149   80    147   134   104   158   144   
     87    173   149   79    146   134   104   158   144   
     87    172   149   79    146   133   104   157   144   

bg   52    75    83    66    107   107   101   153   141   
     52    75    83    66    107   107   101   154   141   
     52    75    84    66    107   107   102   154   141   
     52    76    84    67    107   107   102   154   141   

A3   59    127   167   70    130   138   104   157   145   
     59    127   167   70    130   138   104   157   145   
     59    127   167   70    130   138   104   157   145   
     59    127   167   70    130   138   104   157   145   

bg   53    76    84    67    107   107   102   155   142   
     53    76    84    67    107   108   102   155   142   
     52    76    84    67    107   108   102   155   142   
     52    76    84    66    107   108   102   155   142   

B1   74    95    90    133   166   123   134   185   150   
     74    96    90    133   166   123   134   185   150   
     75    96    90    134   166   123   135   185   150   
     75    96    90    134   166   122   135   185   150   

bg   53    76    84    67    108   107   103   155   141   
     53    76    84    67    107   107   102   155   141   
     53    76    84    67    107   107   102   155   141   
     53    76    84    67    107   107   102   155   142   

B2   66    115   112   104   216   177   120   196   171   
     66    115   112   104   215   177   121   196   171   
     66    115   112   104   216   177   121   196   171   
     67    115   112   104   216   176   121   197   171   

bg   53    76    84    67    108   108   103   155   142   
     53    76    84    68    108   108   103   156   142   
     53    76    84    68    108   108   103   156   142   
     53    76    84    67    108   108   103   156   142   

B3   57    100   118   74    165   195   107   182   183   
     57    100   119   74    165   196   108   183   183   
     57    100   119   74    165   196   108   183   184   
     57    100   119   74    166   196   108   184   185   

bg   54    78    86    69    111   111   105   159   146   
     54    78    86    69    110   110   105   159   145   
     54    78    86    69    110   110   105   158   144   
     54    78    86    69    110   110   105   158   144   

C1   57    81    88    101   140   120   186   235   165   
     57    81    88    101   140   120   185   235   165   
     57    81    87    100   140   120   184   234   165   
     57    80    87    100   140   120   184   234   165   

bg   54    77    86    68    110   110   104   158   145   
     54    77    86    68    110   110   104   158   145   
     54    77    86    68    110   110   104   158   145   
     54    78    86    68    110   110   105   158   145   

C2   56    81    89    88    155   141   156   281   216   
     56    81    89    88    155   141   156   281   216   
     56    82    89    88    155   142   156   281   216   
     56    81    89    88    155   142   156   281   216   

bg   54    77    86    68    110   110   104   158   145   
     54    77    86    68    110   110   104   158   145   
     54    77    86    68    110   110   104   158   145   
     53    77    86    68    109   110   104   158   145   

C3   55    80    89    71    132   144   110   211   230   
     55    80    89    71    132   144   111   211   229   
     55    80    89    71    132   144   111   211   228   
     55    80    89    71    132   144   111   211   228   

bg   54    77    85    68    109   109   104   158   144   
     54    77    85    68    110   110   104   158   144   
     54    77    86    68    110   110   104   158   145   
     53    77    86    68    109   110   104   158   145   


