Trial #1-------------------------

     A1    A2    A3    B1    B2    B3    C1    C2    C3    

A1   131   148   94    97    126   93    98    142   126   
     130   148   94    97    126   93    97    142   126   
     130   147   94    96    126   93    97    142   127   
     130   147   94    96    126   93    97    142   127   

bg   57    77    75    67    96    85    95    140   124   
     57    77    75    67    96    84    95    140   124   
     58    77    75    68    96    84    96    140   123   
     57    77    75    68    96    83    96    139   122   

A2   104   189   143   87    142   109   98    143   125   
     104   189   143   87    142   110   98    143   126   
     104   189   144   87    142   110   97    143   127   
     103   189   144   87    143   111   97    144   127   

bg   57    77    76    66    96    85    94    139   125   
     57    77    76    67    96    85    94    139   125   
     57    77    75    67    96    85    94    139   124   
     57    77    75    67    96    84    95    139   124   

A3   64    127   157   71    117   111   97    142   126   
     64    128   156   71    117   111   97    142   126   
     64    128   156   71    117   111   97    142   126   
     64    127   157   71    117   111   97    142   126   

bg   57    76    75    67    96    84    94    139   124   
     56    76    75    66    96    85    93    138   124   
     56    76    75    66    95    85    93    138   124   
     56    76    75    66    96    85    93    138   124   

B1   87    106   83    142   163   101   127   170   132   
     88    106   83    143   163   101   128   170   132   
     88    106   83    143   163   100   129   170   131   
     88    106   83    144   163   100   130   170   131   

bg   58    77    75    68    96    84    95    140   123   
     57    77    75    67    96    84    95    140   123   
     57    77    75    67    96    85    95    139   124   
     57    77    76    67    96    85    94    139   125   

B2   77    121   102   110   202   137   113   178   148   
     77    121   102   110   202   136   113   178   148   
     77    121   102   110   202   136   113   178   148   
     78    121   102   111   202   135   114   178   147   

bg   58    77    75    68    96    84    96    140   122   
     58    77    75    68    96    84    96    140   122   
     58    77    75    68    96    84    96    140   122   
     58    77    75    68    96    84    95    140   123   

B3   61    97    104   73    138   143   99    160   156   
     61    97    105   73    138   143   99    160   156   
     61    97    105   73    138   144   98    160   157   
     61    97    105   73    138   143   98    160   157   

bg   57    77    76    67    97    85    95    140   124   
     57    77    75    68    96    84    95    140   124   
     58    77    75    68    96    84    96    140   123   
     58    77    75    68    96    84    96    140   123   

C1   61    81    77    101   127   94    178   216   143   
     61    81    77    100   127   94    176   216   144   
     60    80    77    100   127   95    175   216   144   
     60    80    78    99    127   95    174   216   145   

bg   57    77    76    67    97    85    94    140   125   
     57    77    76    67    97    85    95    140   125   
     57    77    76    67    97    85    95    140   125   
     58    77    76    68    97    85    96    141   125   

C2   60    81    78    88    139   111   148   262   193   
     60    81    78    88    138   111   147   262   193   
     60    81    78    88    138   111   147   262   193   
     60    81    78    88    138   111   147   261   193   

bg   57    77    75    67    96    85    94    139   124   
     57    77    76    67    96    85    94    139   125   
     57    77    76    67    96    85    94    139   125   
     57    77    76    67    96    85    94    139   125   

C3   59    79    78    70    114   111   101   190   205   
     59    79    78    71    114   111   101   191   204   
     59    79    78    71    114   110   102   191   202   
     59    79    78    71    114   110   102   191   202   

bg   57    77    75    68    96    84    95    140   123   
     57    77    75    67    96    84    95    140   124   
     57    77    76    67    96    85    95    140   124   
     57    77    76    67    96    85    94    140   125   


Trial #2-------------------------

     A1    A2    A3    B1    B2    B3    C1    C2    C3    

A1   131   148   95    97    127   94    98    143   127   
     131   148   95    97    127   94    99    143   127   
     132   148   94    98    127   93    99    143   126   
     133   148   94    98    127   93    99    143   126   

bg   58    77    75    68    96    84    96    140   123   
     58    77    75    68    96    84    96    140   123   
     58    77    75    68    96    84    96    140   123   
     58    77    75    68    97    84    95    140   124   

A2   103   189   144   87    143   111   98    144   128   
     103   189   145   87    143   112   97    144   128   
     103   189   145   87    143   112   97    144   128   
     103   189   144   87    143   112   97    144   128   

bg   57    77    76    67    97    85    95    140   124   
     58    77    75    68    97    84    96    140   123   
     58    77    75    68    96    84    96    140   123   
     58    77    75    68    96    84    96    140   123   

A3   64    128   157   71    118   111   97    142   127   
     64    128   158   71    118   112   96    142   127   
     64    128   159   70    118   112   96    142   128   
     64    127   159   70    118   113   96    142   128   

bg   57    77    76    67    97    85    94    140   125   
     57    77    76    67    97    85    95    140   125   
     57    77    76    67    96    85    95    140   124   
     57    77    75    67    96    84    95    140   124   

B1   88    107   83    144   164   100   130   171   132   
     88    107   83    144   164   100   130   171   132   
     88    107   83    143   164   101   129   171   132   
     88    106   83    143   163   101   129   170   132   

bg   57    77    76    67    96    85    94    140   125   
     57    77    76    67    96    85    94    140   125   
     57    77    76    67    96    85    94    140   125   
     57    77    76    67    96    85    94    140   125   

B2   78    121   102   111   202   135   114   178   147   
     78    121   102   111   201   135   115   178   147   
     78    121   101   111   201   135   115   178   146   
     78    121   101   112   201   134   115   178   146   

bg   58    77    75    68    97    84    96    140   124   
     57    77    76    68    97    85    95    140   124   
     57    77    76    67    97    85    95    140   125   
     57    77    76    67    97    85    94    140   125   

B3   60    96    104   73    138   143   98    160   156   
     61    96    104   73    138   142   99    160   155   
     61    96    104   73    138   142   99    160   155   
     61    96    103   74    137   141   99    160   154   

bg   58    77    75    68    96    84    96    140   123   
     57    77    75    68    96    84    96    140   123   
     57    77    75    68    96    84    95    140   123   
     57    77    75    67    96    84    95    140   123   

C1   60    80    77    99    126   95    174   216   145   
     60    80    77    99    126   95    173   215   145   
     60    80    78    99    126   95    173   216   145   
     60    80    77    99    126   95    174   215   145   

bg   57    77    75    67    96    84    95    139   123   
     57    77    75    67    96    84    95    139   123   
     57    77    75    68    96    84    95    139   122   
     57    77    75    68    96    84    96    139   122   

C2   60    81    78    87    138   111   146   262   193   
     59    81    78    87    138   112   146   261   194   
     59    81    78    87    138   112   145   261   194   
     59    81    78    86    138   112   145   261   195   

bg   57    76    75    67    96    85    94    139   124   
     57    76    75    67    96    84    94    139   123   
     57    76    75    67    96    84    94    138   123   
     57    77    75    67    96    84    95    139   123   

C3   59    79    78    71    114   110   102   191   203   
     59    79    78    71    114   111   102   191   203   
     59    79    78    71    114   111   102   191   204   
     59    79    78    71    114   111   102   191   205   

bg   57    77    76    67    96    85    94    140   125   
     57    77    76    67    96    85    94    139   125   
     57    77    76    67    96    85    94    139   125   
     57    77    76    67    96    85    94    139   125   


Trial #3-------------------------

     A1    A2    A3    B1    B2    B3    C1    C2    C3    

A1   133   148   94    99    127   93    99    143   125   
     134   148   94    99    127   92    100   143   125   
     134   148   94    99    127   92    100   143   125   
     134   148   94    99    127   92    100   143   125   

bg   58    77    76    68    97    85    96    140   124   
     57    77    76    68    97    85    95    140   124   
     57    77    76    67    97    85    95    140   125   
     57    77    76    67    97    85    95    140   125   

A2   104   189   145   87    143   112   98    145   128   
     104   189   145   87    143   111   98    145   128   
     104   189   144   87    143   111   99    145   128   
     104   189   144   88    143   111   99    145   127   

bg   58    77    75    68    97    84    96    140   123   
     58    77    75    68    96    84    96    140   123   
     57    77    75    68    96    84    96    140   123   
     57    77    75    67    96    84    95    140   124   

A3   63    127   159   70    117   112   95    141   127   
     63    127   159   70    117   112   95    141   127   
     63    127   159   70    117   112   95    141   127   
     63    127   159   70    117   112   95    141   127   

bg   58    77    76    68    97    84    95    140   124   
     58    77    76    68    97    84    96    140   123   
     58    77    76    68    97    84    96    140   123   
     58    77    76    68    97    84    96    140   123   

B1   88    106   84    142   163   101   128   171   133   
     87    106   84    141   163   101   128   171   133   
     87    106   84    140   163   102   127   170   134   
     87    106   84    140   163   102   127   170   134   

bg   57    77    76    67    97    85    95    140   125   
     57    77    76    67    97    85    95    140   125   
     57    77    76    67    97    85    95    140   124   
     58    77    76    68    97    84    95    140   124   

B2   78    121   101   111   201   134   115   178   146   
     78    121   101   111   201   134   115   178   146   
     78    121   101   111   201   135   114   177   146   
     78    121   101   111   201   135   114   177   146   

bg   57    77    75    67    96    85    94    139   124   
     57    76    75    67    96    85    94    139   124   
     57    76    75    67    96    85    94    139   124   
     57    76    75    67    96    84    94    139   124   

B3   61    96    103   73    137   141   99    159   153   
     61    96    103   74    137   140   99    160   153   
     61    96    103   74    137   140   100   160   153   
     61    96    103   74    137   140   100   160   153   

bg   57    77    76    68    97    85    95    140   124   
     57    77    76    67    97    85    95    140   125   
     57    77    76    67    97    85    95    140   125   
     57    77    76    67    96    85    94    140   125   

C1   61    81    78    99    126   95    174   215   145   
     61    81    78    100   127   95    175   216   145   
     61    81    78    100   127   95    176   217   145   
     61    81    78    101   127   95    177   217   145   

bg   58    77    76    68    97    84    96    140   124   
     58    77    75    68    97    84    96    140   124   
     57    77    75    68    96    84    95    140   124   
     57    77    75    67    96    84    95    140   124   

C2   59    80    78    86    138   112   145   261   195   
     59    80    78    86    138   112   145   261   195   
     59    80    78    86    138   112   145   261   195   
     59    81    78    87    138   112   145   261   195   

bg   57    77    75    67    96    84    95    139   123   
     57    77    75    67    96    84    95    139   122   
     57    76    75    67    96    83    95    139   122   
     57    76    75    67    96    83    95    139   122   

C3   58    79    78    70    113   111   101   190   204   
     58    79    78    70    114   112   101   190   205   
     58    79    79    70    114   112   101   190   206   
     58    79    79    70    114   112   100   190   207   

bg   57    77    75    67    96    85    94    139   124   
     57    77    75    67    96    85    95    139   124   
     57    77    75    67    96    84    95    139   123   
     57    77    75    68    96    84    95    140   123   


Trial #4-------------------------

     A1    A2    A3    B1    B2    B3    C1    C2    C3    

A1   135   149   94    99    127   92    100   143   125   
     134   149   94    99    127   93    100   143   125   
     133   149   94    99    127   93    100   143   126   
     133   148   94    98    127   93    99    144   126   

bg   57    77    76    67    97    85    95    140   125   
     57    77    76    67    97    85    95    140   125   
     57    77    76    67    97    85    95    140   125   
     57    77    76    67    97    85    95    140   125   

A2   104   190   144   88    143   111   99    145   127   
     104   190   144   88    143   111   99    145   127   
     105   190   144   88    143   111   99    145   127   
     105   190   144   88    143   111   99    145   127   

bg   57    77    76    68    97    85    95    140   124   
     57    77    76    67    97    85    95    140   124   
     57    77    76    67    96    85    95    140   125   
     57    77    76    67    96    85    94    140   125   

A3   64    128   159   70    118   112   96    142   128   
     64    128   159   71    118   112   96    142   127   
     64    128   158   71    118   112   97    142   127   
     64    128   158   71    118   111   97    142   127   

bg   58    77    75    68    96    84    96    140   123   
     58    77    75    68    97    84    96    140   123   
     57    77    75    68    97    84    95    140   124   
     57    77    76    67    97    85    95    140   124   

B1   87    106   84    140   163   102   127   170   134   
     87    106   84    140   163   102   127   170   134   
     87    106   84    140   163   101   127   170   133   
     87    106   84    141   163   101   127   170   133   

bg   57    77    75    68    96    84    95    140   124   
     57    77    75    68    96    84    96    140   123   
     57    77    75    68    96    84    96    140   123   
     57    77    75    68    96    84    95    140   123   

B2   77    121   102   111   202   135   114   178   147   
     77    121   102   110   202   136   114   178   147   
     77    121   102   110   202   136   113   177   147   
     77    121   102   110   202   136   113   177   148   

bg   57    77    75    67    96    84    94    139   124   
     57    77    75    67    96    84    95    139   124   
     57    77    75    67    96    84    95    139   123   
     57    77    75    67    96    84    95    139   123   

B3   61    96    103   74    137   140   99    159   153   
     61    96    102   73    136   140   99    158   152   
     60    96    103   73    137   140   98    159   153   
     60    96    103   73    137   141   98    159   154   

bg   57    77    76    67    97    85    95    140   125   
     57    77    76    67    97    86    95    141   125   
     57    77    76    68    97    85    95    141   125   
     57    77    76    68    97    85    95    141   125   

C1   61    81    78    101   127   95    177   217   144   
     61    81    77    101   127   94    178   217   144   
     61    81    77    101   127   94    178   217   144   
     61    81    77    101   127   95    177   217   144   

bg   57    77    76    68    97    85    95    140   125   
     57    77    76    67    97    85    95    140   125   
     57    77    76    67    97    85    95    140   125   
     57    77    76    67    96    85    94    140   125   

C2   59    81    78    87    138   112   145   261   194   
     60    81    78    87    138   112   146   261   194   
     60    81    78    87    138   111   146   261   193   
     60    81    78    88    138   111   147   261   193   

bg   58    77    76    68    97    85    96    141   124   
     58    77    76    68    97    85    96    141   124   
     58    77    76    68    97    85    96    141   125   
     58    77    76    68    97    85    95    141   125   

C3   59    80    79    70    114   112   101   191   207   
     59    80    79    71    115   113   101   192   207   
     59    80    79    71    115   112   101   192   207   
     59    80    79    71    115   112   102   192   206   

bg   58    78    76    69    98    85    97    142   125   
     58    78    76    69    98    85    97    142   125   
     58    78    76    69    98    85    97    142   125   
     58    78    76    68    97    85    97    141   125   


