Trial #1-------------------------

     A1    A2    A3    B1    B2    B3    C1    C2    C3    

A1   101   112   98    83    118   114   109   162   147   
     101   112   98    83    118   114   109   162   146   
     100   112   98    83    118   114   109   162   146   
     100   112   98    83    117   114   108   162   145   

bg   42    69    84    64    106   110   105   159   144   
     42    69    84    64    106   110   106   159   147   
     42    69    84    64    106   109   106   159   147   
     42    68    84    64    106   109   106   159   147   

A2   67    164   150   70    142   135   107   162   148   
     67    164   150   70    142   135   107   162   145   
     67    163   150   70    142   135   107   162   145   
     67    163   150   70    141   135   107   162   145   

bg   42    68    84    63    105   109   105   159   145   
     42    68    84    63    105   109   105   159   150   
     42    68    84    63    105   109   105   159   150   
     42    68    84    64    106   109   105   159   149   

A3   48    120   168   66    129   141   108   162   147   
     47    120   168   67    129   141   108   163   144   
     48    120   168   67    129   141   108   163   144   
     47    119   167   66    129   140   107   161   144   

bg   42    68    84    63    105   108   104   158   145   
     42    68    84    63    105   109   104   158   154   
     42    68    84    63    105   109   104   158   154   
     42    68    84    63    105   109   105   158   153   

B1   60    79    89    129   159   123   137   189   153   
     60    79    89    129   159   123   137   189   144   
     61    80    89    130   159   123   138   189   144   
     61    80    89    130   159   123   138   189   144   

bg   42    68    84    64    105   109   105   158   152   
     42    68    84    64    105   109   105   158   174   
     42    68    84    64    105   109   105   158   174   
     42    68    84    63    105   109   105   158   174   

B2   48    104   112   97    214   179   123   201   174   
     48    105   112   97    213   179   123   201   145   
     48    105   112   98    213   178   123   201   144   
     49    105   112   98    213   178   124   200   144   

bg   42    69    84    64    106   109   105   159   145   
     42    69    84    64    106   109   106   159   184   
     42    69    84    64    106   109   105   159   185   
     42    69    84    64    106   109   105   159   185   

B3   44    91    118   69    162   195   109   185   173   
     44    91    118   69    162   196   109   185   145   
     44    91    118   69    162   196   109   185   145   
     44    91    118   69    162   196   109   185   145   

bg   42    69    84    64    106   109   105   159   144   
     42    69    84    64    106   109   105   159   165   
     42    69    84    64    106   109   105   159   165   
     42    69    84    64    106   109   106   159   165   

C1   45    71    86    96    136   119   187   235   165   
     45    71    86    96    136   120   186   235   145   
     45    71    86    96    135   120   185   234   145   
     45    71    86    96    135   120   185   234   145   

bg   42    68    84    63    105   109   105   159   145   
     42    68    84    64    105   109   105   159   216   
     42    68    84    64    106   109   105   159   216   
     42    68    84    64    106   109   105   159   216   

C2   44    72    87    83    150   141   156   281   216   
     44    72    87    83    150   141   156   281   145   
     44    72    87    83    150   141   156   281   145   
     44    72    87    83    150   141   156   281   145   

bg   42    68    84    64    106   110   105   159   145   
     42    68    84    64    106   110   105   159   145   
     42    68    84    64    106   110   105   159   145   
     42    68    84    64    106   110   105   159   145   

C3   42    69    84    64    106   109   105   159   229   
     42    69    84    64    106   109   105   159   229   
     43    71    88    67    128   129   111   187   229   
     43    71    88    67    128   144   112   213   230   

bg   43    71    88    67    128   144   112   213   146   
     43    71    88    67    128   144   112   213   147   
     42    68    86    64    111   109   105   162   147   
     42    68    84    64    106   110   105   159   147   


Trial #2-------------------------

     A1    A2    A3    B1    B2    B3    C1    C2    C3    

A1   101   112   98    83    117   114   108   162   147   
     101   112   98    83    117   114   108   162   145   
     101   112   98    83    118   114   108   162   145   
     101   112   98    83    118   114   109   162   145   

bg   42    69    84    64    106   109   105   159   145   
     42    69    84    64    106   109   106   159   148   
     42    69    84    64    106   109   106   159   148   
     42    68    84    64    106   109   105   159   149   

A2   67    164   150   70    142   136   107   163   148   
     67    164   150   70    142   136   107   163   145   
     67    163   150   70    142   136   107   163   145   
     67    163   150   70    142   136   107   162   145   

bg   42    68    84    64    105   109   105   158   145   
     42    68    84    64    105   109   105   158   149   
     42    68    84    64    105   109   105   159   149   
     42    68    84    64    106   109   105   159   149   

A3   47    119   168   66    128   140   107   162   149   
     47    119   168   66    128   140   107   162   145   
     47    119   168   66    128   140   106   161   145   
     47    119   168   66    128   140   106   161   145   

bg   42    68    84    64    105   109   105   159   145   
     42    68    84    64    106   109   105   159   154   
     42    68    84    64    106   109   105   159   154   
     42    69    85    64    106   110   105   159   153   

B1   61    80    89    130   160   124   138   189   153   
     61    80    89    130   159   124   138   189   145   
     61    80    89    130   159   124   138   189   145   
     61    80    89    130   159   124   138   189   145   

bg   42    69    84    64    106   109   105   159   145   
     42    68    85    64    106   110   105   159   174   
     42    68    84    64    106   110   105   159   174   
     42    68    84    64    106   109   105   159   174   

B2   49    105   112   98    214   179   124   201   174   
     49    105   112   98    214   178   124   201   145   
     49    105   112   98    214   178   124   201   145   
     49    105   112   98    214   178   124   201   145   

bg   42    69    84    64    106   109   106   159   146   
     42    69    84    64    106   109   106   159   185   
     42    68    84    64    106   109   105   159   185   
     42    68    84    64    105   109   105   159   185   

B3   45    91    118   70    162   196   109   185   185   
     45    91    118   70    162   196   110   185   145   
     45    92    118   70    162   195   110   185   145   
     45    92    118   70    162   195   110   186   145   

bg   43    69    85    64    106   110   106   159   146   
     43    69    85    64    106   110   106   160   166   
     43    69    85    65    106   110   106   160   167   
     43    69    85    65    107   110   107   160   167   

C1   46    72    87    97    137   121   187   237   165   
     46    72    87    97    137   121   187   237   145   
     45    71    87    97    136   121   186   236   145   
     45    71    86    96    136   120   186   235   145   

bg   42    68    84    64    105   109   105   159   145   
     43    69    84    64    106   109   106   159   216   
     43    69    85    64    106   110   106   160   216   
     43    69    85    64    106   109   106   159   217   

C2   44    72    87    84    150   141   156   281   217   
     44    72    87    84    150   141   156   282   145   
     45    72    88    84    151   142   157   283   145   
     44    72    88    83    151   142   157   282   145   

bg   42    68    84    64    105   109   105   159   144   
     42    68    84    64    105   109   105   158   144   
     42    68    84    64    105   109   105   158   144   
     42    68    84    64    105   109   105   158   144   

C3   42    68    84    64    105   109   105   158   229   
     43    68    84    64    105   109   106   158   230   
     43    71    87    67    125   143   112   212   230   
     43    71    88    67    127   143   112   212   230   

bg   43    70    87    66    127   143   111   212   144   
     43    70    87    66    127   143   111   211   145   
     42    68    84    63    105   108   104   179   146   
     42    68    84    63    104   109   104   157   146   


Trial #3-------------------------

     A1    A2    A3    B1    B2    B3    C1    C2    C3    

A1   102   112   97    83    117   113   108   161   146   
     102   112   97    83    117   113   108   161   145   
     102   113   97    83    117   113   109   161   145   
     102   113   98    84    118   114   109   162   145   

bg   43    69    85    64    106   109   106   159   145   
     43    69    85    64    106   109   106   159   148   
     43    69    85    64    106   109   106   159   148   
     42    68    84    64    106   109   105   159   148   

A2   68    164   150   70    142   136   107   163   148   
     68    164   150   70    142   136   107   163   145   
     68    164   150   70    142   136   107   162   145   
     68    164   150   70    142   136   107   162   145   

bg   43    69    84    64    106   109   106   159   147   
     43    69    85    64    106   109   106   159   150   
     43    69    85    65    106   110   106   159   151   
     43    69    85    64    106   110   106   160   151   

A3   48    120   169   67    129   142   108   163   151   
     48    120   169   67    129   142   108   163   147   
     48    120   169   67    129   142   108   163   146   
     48    120   169   67    129   142   108   163   146   

bg   43    69    85    64    106   110   106   160   145   
     43    69    85    64    106   110   106   160   154   
     43    69    85    64    106   110   106   160   154   
     43    69    85    64    106   110   106   160   154   

B1   61    80    89    130   160   124   138   190   154   
     61    80    89    130   160   124   138   190   146   
     61    80    89    130   160   124   138   190   146   
     61    80    89    129   159   124   137   190   146   

bg   42    69    85    64    106   110   105   159   145   
     42    69    85    64    106   110   105   159   174   
     42    69    85    64    106   109   105   159   174   
     42    69    85    64    106   109   105   159   174   

B2   49    106   112   99    215   178   124   201   174   
     49    106   112   98    214   178   124   201   145   
     49    105   112   98    214   178   124   201   145   
     49    105   112   98    214   178   124   201   146   

bg   42    69    84    64    106   110   105   159   152   
     42    69    85    64    106   110   105   159   186   
     42    69    85    64    106   110   106   160   187   
     43    69    85    64    106   110   106   160   187   

B3   45    93    119   71    164   197   111   188   186   
     46    93    119   71    164   197   112   188   146   
     46    93    119   71    164   197   112   188   146   
     46    93    119   71    164   196   112   188   145   

bg   42    69    85    64    106   110   106   160   145   
     42    69    85    64    106   109   106   159   166   
     42    69    84    64    106   109   105   159   166   
     42    69    84    64    106   109   105   159   166   

C1   45    71    86    96    136   120   186   236   166   
     45    71    86    96    136   120   186   236   145   
     45    71    86    96    136   120   186   236   145   
     45    71    86    97    136   120   186   236   145   

bg   42    69    84    64    106   109   106   159   145   
     42    69    84    64    106   109   105   159   217   
     42    69    84    64    106   109   105   159   217   
     42    69    84    64    106   109   105   159   217   

C2   44    72    87    83    150   141   156   281   217   
     44    72    87    83    150   141   156   281   146   
     44    72    88    83    150   141   156   281   146   
     44    72    88    83    150   141   156   281   146   

bg   42    69    85    64    106   110   106   160   146   
     43    69    85    64    106   110   106   160   145   
     43    69    85    64    106   110   106   160   145   
     43    69    85    64    106   110   106   160   145   

C3   42    69    85    64    106   110   106   160   231   
     42    69    85    64    106   110   106   160   231   
     43    71    86    67    128   132   112   209   231   
     43    71    88    67    128   144   112   213   231   

bg   43    71    88    67    128   144   112   213   146   
     43    71    88    67    128   144   112   213   147   
     42    69    85    64    110   110   108   160   147   
     42    69    85    64    106   110   106   160   147   


Trial #4-------------------------

     A1    A2    A3    B1    B2    B3    C1    C2    C3    

A1   102   113   98    84    118   114   109   162   146   
     102   113   98    84    118   114   109   162   145   
     102   113   98    83    118   114   109   162   145   
     101   112   98    83    118   113   109   161   145   

bg   42    69    84    64    106   109   105   159   145   
     42    68    84    64    106   109   105   159   149   
     42    68    84    64    106   109   105   159   149   
     42    68    84    64    106   109   105   159   150   

A2   68    164   151   70    143   137   108   164   151   
     68    165   151   71    143   137   109   165   147   
     68    165   151   71    144   138   109   166   147   
     68    165   151   71    144   138   110   166   147   

bg   43    70    86    65    107   111   107   161   146   
     43    69    86    65    107   111   107   161   150   
     43    69    85    64    107   110   106   160   150   
     42    69    85    64    106   110   106   160   150   

A3   47    119   169   66    129   141   107   162   149   
     47    119   169   66    129   141   107   162   145   
     47    119   168   66    128   141   106   161   145   
     47    119   168   66    128   141   107   162   145   

bg   42    69    85    64    106   109   106   159   145   
     42    69    85    64    106   109   106   159   154   
     42    69    85    64    106   109   106   159   154   
     42    69    85    64    106   109   106   159   154   

B1   61    80    89    130   160   124   138   190   154   
     61    80    89    130   160   124   138   190   145   
     61    80    89    129   160   124   137   189   145   
     61    80    89    129   160   124   137   190   144   

bg   42    68    84    64    105   109   105   159   144   
     42    68    84    63    105   109   105   158   173   
     42    68    84    63    105   108   105   158   173   
     42    68    84    64    105   108   105   158   173   

B2   49    105   112   98    214   178   123   200   170   
     49    105   112   98    214   178   123   200   144   
     49    105   112   98    213   178   123   200   143   
     48    105   112   98    213   178   123   200   143   

bg   42    67    83    63    104   108   104   157   144   
     42    67    83    63    104   108   104   157   184   
     42    68    83    63    104   108   104   157   184   
     42    68    84    63    105   109   104   158   184   

B3   45    92    118   70    162   195   110   185   184   
     45    92    118   70    162   195   110   185   145   
     45    92    118   70    162   194   110   185   145   
     45    92    118   70    162   195   110   185   145   

bg   42    69    84    64    106   110   105   159   145   
     42    69    85    64    106   110   105   159   165   
     42    68    85    64    106   110   105   160   165   
     42    68    84    63    105   109   105   159   165   

C1   45    71    86    96    135   119   185   234   166   
     45    71    86    96    135   120   186   235   145   
     45    71    86    96    136   120   186   235   145   
     45    72    86    97    136   120   186   235   145   

bg   42    69    84    64    106   109   106   159   145   
     42    69    84    64    106   109   105   159   217   
     42    69    84    64    106   109   105   159   217   
     42    68    84    64    106   109   105   159   217   

C2   44    72    87    83    150   141   156   281   204   
     44    72    87    83    150   141   156   281   145   
     44    72    87    83    150   141   156   281   145   
     44    72    87    83    150   141   156   281   145   

bg   42    69    84    64    106   109   105   159   145   
     42    69    84    64    106   109   106   159   145   
     42    69    84    64    106   109   106   159   146   
     42    69    84    64    106   109   106   159   146   

C3   42    69    85    64    106   110   106   160   231   
     42    69    85    64    106   110   105   160   231   
     43    71    88    67    127   145   112   191   231   
     43    71    88    67    128   145   112   213   230   

bg   43    71    88    67    128   144   112   213   145   
     43    71    88    67    128   144   112   213   144   
     42    69    85    64    106   109   107   159   144   
     42    69    84    64    106   109   105   159   145   


