Trial #1-------------------------

     A1    A2    A3    B1    B2    B3    C1    C2    C3    

A1   135   143   94    101   130   107   104   154   139   
     135   143   94    101   130   106   105   154   138   
     136   143   94    102   130   106   105   154   138   
     136   143   94    102   130   106   106   154   138   

bg   59    75    77    71    102   99    102   152   137   
     59    75    78    71    102   100   101   152   138   
     60    75    78    71    103   101   102   153   140   
     60    76    79    71    104   102   102   154   142   

A2   104   177   141   90    141   125   104   158   145   
     104   176   141   89    140   124   104   157   144   
     104   176   139   89    139   123   104   156   142   
     104   175   139   89    139   122   104   156   141   

bg   60    75    78    71    103   99    103   152   137   
     60    75    78    71    103   100   103   152   137   
     60    75    77    71    103   100   102   152   137   
     60    75    78    71    103   100   102   153   139   

A3   65    120   158   73    120   129   102   155   144   
     65    119   159   73    120   129   101   154   144   
     65    119   159   73    119   128   101   154   144   
     65    119   158   73    119   128   101   154   143   

bg   59    75    77    70    102   100   101   151   138   
     59    75    77    71    102   99    101   151   137   
     59    75    77    71    102   99    102   151   137   
     59    75    77    71    102   99    102   151   136   

B1   89    102   84    146   165   115   135   182   146   
     89    101   84    145   165   115   134   182   147   
     88    101   84    143   165   115   133   181   147   
     88    101   84    142   165   116   132   181   148   

bg   59    75    78    70    102   100   100   151   139   
     59    75    78    70    102   100   100   151   139   
     59    75    78    70    102   100   100   151   138   
     59    75    77    70    102   100   101   151   138   

B2   77    107   98    112   198   158   121   192   164   
     78    107   98    113   198   158   122   193   165   
     77    107   98    112   198   158   121   192   165   
     78    108   98    113   198   159   122   193   166   

bg   60    76    79    71    103   101   101   153   141   
     59    75    78    70    103   101   100   152   140   
     59    75    78    70    102   101   100   152   140   
     59    75    78    70    102   100   100   151   140   

B3   62    91    105   76    148   178   105   176   176   
     62    91    105   76    148   177   105   176   175   
     62    91    105   76    148   176   106   176   174   
     62    91    105   77    148   176   106   176   174   

bg   59    75    77    71    102   100   102   152   138   
     59    75    77    70    102   100   101   152   138   
     59    75    77    70    102   100   100   151   139   
     59    75    78    70    102   100   100   151   139   

C1   62    78    80    102   132   111   179   227   160   
     62    78    79    102   132   111   180   228   159   
     62    78    79    103   132   110   181   228   159   
     63    78    79    103   133   110   183   228   159   

bg   60    75    77    71    102   99    102   152   137   
     60    75    77    71    102   99    102   152   137   
     59    75    77    71    102   100   102   152   137   
     59    75    78    71    102   100   102   152   138   

C2   61    78    80    90    147   132   151   276   212   
     61    78    81    90    147   132   151   276   213   
     61    78    80    90    147   133   151   275   213   
     61    78    81    90    147   132   151   275   212   

bg   59    75    78    71    102   100   101   152   138   
     59    75    77    71    102   100   102   152   138   
     59    75    77    71    102   99    102   152   137   
     59    75    77    71    102   99    102   151   137   

C3   60    77    80    74    123   133   107   204   221   
     60    77    80    73    123   134   107   204   223   
     60    77    81    73    123   134   106   204   224   
     60    77    81    73    123   135   106   204   225   

bg   59    75    78    70    102   100   100   151   139   
     59    75    78    70    102   100   100   151   139   
     59    74    77    70    102   100   100   151   138   
     59    74    77    70    102   99    101   151   137   


Trial #2-------------------------

     A1    A2    A3    B1    B2    B3    C1    C2    C3    

A1   136   143   94    102   130   106   106   154   138   
     136   143   94    102   130   106   106   154   138   
     135   142   94    102   130   107   106   155   139   
     134   142   94    101   130   107   105   155   139   

bg   59    75    78    70    102   100   100   151   139   
     59    74    78    70    102   100   100   151   139   
     58    74    77    69    101   100   99    151   139   
     58    74    77    70    101   100   100   150   138   

A2   104   175   139   89    138   122   104   155   141   
     104   175   139   89    138   122   104   155   140   
     104   175   139   89    139   122   105   156   140   
     104   175   139   89    139   122   105   156   140   

bg   59    75    77    71    102   100   101   152   138   
     59    75    78    70    102   100   101   152   138   
     59    75    78    70    102   100   101   152   139   
     59    75    78    70    102   100   100   151   139   

A3   65    119   158   73    119   128   101   154   143   
     65    119   157   73    120   128   102   154   143   
     65    119   157   73    120   127   102   154   142   
     65    119   156   73    120   127   102   154   142   

bg   59    75    77    71    102   99    102   152   137   
     60    75    78    71    103   100   102   152   137   
     59    75    78    71    102   100   102   152   138   
     60    75    78    71    103   100   102   152   139   

B1   88    102   84    143   165   116   133   181   148   
     88    101   84    142   165   116   132   181   148   
     88    101   84    142   165   116   132   181   148   
     88    101   84    142   165   116   132   181   148   

bg   59    75    77    71    102   100   101   152   138   
     59    75    77    71    102   100   102   152   137   
     59    75    77    71    102   99    102   152   137   
     59    75    77    71    102   99    102   152   137   

B2   77    107   97    112   198   158   120   192   165   
     77    107   98    112   198   158   120   192   165   
     77    108   98    112   198   159   119   191   166   
     77    108   98    111   198   159   119   191   166   

bg   59    74    78    70    102   100   100   151   139   
     59    75    78    70    102   100   100   151   139   
     59    75    78    71    102   100   101   152   139   
     60    75    78    71    103   100   102   152   139   

B3   63    92    106   78    150   178   108   179   176   
     63    92    106   77    150   178   107   178   176   
     63    92    106   77    149   178   107   178   177   
     62    92    106   77    149   178   106   178   177   

bg   59    75    78    70    102   101   100   152   140   
     59    75    78    70    102   101   100   152   140   
     59    75    78    70    102   100   100   151   139   
     59    74    78    70    102   100   100   151   139   

C1   62    78    79    103   132   110   182   227   158   
     62    78    79    104   132   110   183   228   157   
     63    78    79    104   132   109   184   228   157   
     63    78    79    104   132   110   184   228   157   

bg   59    75    77    71    102   100   101   152   138   
     59    75    78    70    102   100   101   152   138   
     59    75    78    70    102   100   100   152   139   
     59    75    78    70    102   100   100   152   139   

C2   61    78    80    90    146   132   151   275   212   
     61    78    80    90    146   132   151   275   211   
     61    78    80    90    146   132   152   275   211   
     62    78    80    90    146   131   152   274   210   

bg   59    75    77    71    102   99    102   152   137   
     59    75    77    71    102   99    102   152   137   
     59    75    77    71    102   99    101   151   137   
     59    75    77    70    102   100   101   151   138   

C3   60    77    81    73    124   135   106   205   226   
     60    77    81    73    124   135   106   205   226   
     60    77    81    73    124   135   106   205   226   
     60    77    81    73    124   135   106   205   225   

bg   59    75    77    71    102   100   101   151   138   
     59    75    77    71    102   99    102   151   137   
     59    75    77    71    102   99    102   151   137   
     59    75    77    71    102   99    102   151   137   


Trial #3-------------------------

     A1    A2    A3    B1    B2    B3    C1    C2    C3    

A1   135   143   94    101   130   107   105   154   139   
     134   142   94    101   130   107   104   154   140   
     133   142   94    100   130   107   104   154   140   
     132   142   94    99    129   107   103   154   140   

bg   59    74    77    70    101   100   100   151   138   
     59    74    77    70    102   100   100   151   138   
     59    74    77    70    102   100   101   151   138   
     59    74    77    70    102   99    101   151   137   

A2   104   175   139   89    138   121   104   155   140   
     104   175   139   89    138   121   104   155   140   
     104   175   139   89    138   122   104   155   140   
     104   175   139   89    138   122   104   155   141   

bg   59    75    78    70    102   100   100   151   139   
     59    75    78    70    102   100   100   151   139   
     59    75    78    70    102   100   100   151   139   
     59    75    78    70    102   100   101   152   139   

A3   65    120   156   74    120   127   103   155   142   
     66    120   156   74    120   127   103   155   142   
     66    120   155   74    120   127   104   155   142   
     66    120   155   74    120   127   104   155   142   

bg   59    75    78    71    102   100   101   152   138   
     59    75    78    70    102   100   101   152   139   
     59    75    78    70    102   100   101   152   139   
     59    75    78    70    102   100   100   151   139   

B1   88    102   84    143   165   116   133   182   148   
     88    102   84    144   165   116   133   182   147   
     89    102   84    145   165   115   134   182   147   
     89    102   84    145   166   115   135   182   147   

bg   59    75    77    71    102   100   102   152   138   
     59    75    77    71    102   100   102   152   138   
     59    75    77    71    102   100   102   152   138   
     59    75    78    70    102   100   101   152   138   

B2   77    108   98    112   199   159   119   192   166   
     77    108   98    112   199   159   119   192   167   
     77    108   98    112   199   159   119   192   166   
     77    108   98    112   198   159   119   192   166   

bg   59    75    78    71    102   100   102   152   138   
     59    75    77    71    102   100   102   152   138   
     59    75    77    71    102   99    102   152   137   
     59    75    77    71    102   100   102   152   137   

B3   62    91    106   76    148   178   105   176   176   
     62    91    106   76    148   179   105   176   177   
     62    91    106   76    148   179   104   176   177   
     62    91    106   76    148   179   104   176   178   

bg   59    75    78    70    102   100   100   151   139   
     59    75    78    70    102   100   101   152   139   
     59    75    78    71    102   100   101   152   138   
     59    75    77    71    102   100   101   152   138   

C1   63    78    79    104   133   110   184   229   158   
     63    78    79    104   133   110   184   228   158   
     63    78    79    104   132   110   183   228   158   
     62    78    79    103   132   110   182   228   158   

bg   59    75    78    70    102   100   100   151   139   
     59    75    78    70    102   100   100   152   139   
     59    75    78    70    102   100   100   152   139   
     59    75    78    70    102   100   101   152   139   

C2   62    78    80    90    147   131   153   275   210   
     62    78    80    91    147   131   153   275   209   
     62    78    80    91    146   131   153   275   209   
     62    78    80    91    146   131   153   275   209   

bg   59    74    77    70    102   100   101   151   138   
     59    74    77    70    102   100   100   151   138   
     59    74    77    70    102   100   100   151   138   
     59    74    78    70    102   100   100   151   139   

C3   60    77    81    73    124   135   107   205   225   
     60    77    81    74    124   135   107   205   224   
     61    77    81    74    124   134   107   205   223   
     61    77    81    74    124   134   108   205   222   

bg   59    75    77    71    102   99    102   152   137   
     59    75    77    71    102   100   102   152   138   
     59    75    77    71    102   100   101   152   138   
     59    75    78    70    102   100   101   152   138   


Trial #4-------------------------

     A1    A2    A3    B1    B2    B3    C1    C2    C3    

A1   133   143   95    100   131   108   104   155   141   
     133   143   95    100   130   108   104   155   141   
     133   143   95    100   130   108   104   155   141   
     133   143   95    100   130   108   105   155   141   

bg   59    75    77    71    102   100   101   152   138   
     59    75    77    71    102   100   102   152   138   
     59    75    77    71    102   100   102   152   137   
     59    75    77    71    102   100   102   152   137   

A2   104   175   139   89    139   122   104   156   141   
     104   175   139   89    139   123   104   156   142   
     104   175   139   89    139   123   104   156   142   
     104   175   139   89    139   123   103   156   142   

bg   59    75    78    70    102   100   101   152   139   
     59    75    78    71    102   100   101   152   139   
     59    75    78    71    102   100   101   152   138   
     59    75    78    71    102   100   102   152   138   

A3   65    120   155   74    120   127   103   154   141   
     65    120   156   73    120   127   103   154   142   
     65    119   156   73    120   127   103   154   142   
     65    119   157   73    120   127   102   154   142   

bg   59    75    78    70    102   100   100   152   139   
     59    75    78    70    102   100   100   151   139   
     59    75    78    70    102   100   100   151   139   
     59    75    78    70    102   100   101   151   139   

B1   89    102   84    146   166   115   135   182   146   
     89    102   84    146   166   115   135   182   146   
     89    102   84    146   166   115   135   182   146   
     89    102   84    146   165   115   135   182   146   

bg   59    75    77    70    102   100   101   152   138   
     59    75    78    70    102   100   101   152   139   
     59    75    78    70    102   100   101   152   139   
     59    75    78    70    102   100   100   152   139   

B2   77    108   98    112   199   159   120   192   166   
     77    108   98    112   198   159   120   192   165   
     77    107   98    112   198   158   120   192   165   
     77    107   98    112   198   158   120   192   165   

bg   59    75    77    71    102   100   102   152   137   
     59    75    77    71    102   100   101   152   138   
     59    75    77    71    102   100   101   152   138   
     59    75    78    70    102   100   101   152   138   

B3   62    91    106   76    148   179   104   176   178   
     62    91    106   76    148   179   104   176   178   
     62    91    106   76    148   179   104   176   177   
     62    91    106   76    148   178   105   176   177   

bg   59    74    77    70    102   99    101   151   137   
     59    74    77    70    101   99    101   151   136   
     59    74    77    70    101   99    101   150   136   
     59    74    77    70    102   99    101   151   137   

C1   62    78    79    103   132   110   181   227   158   
     62    78    79    102   132   110   180   227   158   
     62    78    79    102   132   110   179   227   158   
     62    78    79    102   132   110   179   226   159   

bg   59    74    77    70    102   100   100   151   138   
     59    75    77    70    102   100   101   151   138   
     59    75    77    70    102   100   101   151   138   
     59    75    77    71    102   100   101   152   138   

C2   62    78    80    91    147   131   153   275   210   
     62    78    80    90    147   131   153   275   210   
     62    78    80    90    146   132   152   275   210   
     61    78    80    90    146   132   152   275   211   

bg   59    74    77    70    101   100   100   151   138   
     58    74    77    70    101   99    100   150   138   
     59    74    77    70    101   99    100   150   138   
     59    74    77    70    102   99    100   151   138   

C3   61    77    81    74    124   134   108   205   222   
     61    77    81    74    124   134   108   205   222   
     61    77    81    74    124   134   108   205   222   
     61    77    81    74    124   134   108   205   222   

bg   59    75    77    70    102   100   101   151   138   
     59    75    78    70    102   100   100   151   139   
     59    75    78    70    102   100   100   151   139   
     59    75    78    70    102   100   100   151   139   


