Trial #1-------------------------

     A1    A2    A3    B1    B2    B3    C1    C2    C3    

A1   132   143   89    99    117   81    101   142   125   
     132   143   89    99    117   81    101   142   125   
     132   142   89    98    116   81    101   142   124   
     132   142   89    98    116   81    101   142   124   

bg   57    72    71    67    86    73    96    139   123   
     57    71    71    67    86    73    96    139   123   
     57    72    71    67    86    73    96    139   123   
     57    72    71    67    86    73    96    139   123   

A2   103   184   139   87    132   96    100   143   126   
     103   184   139   87    132   96    100   143   126   
     103   184   139   87    132   96    100   143   126   
     103   184   139   88    132   96    100   144   126   

bg   57    72    71    68    86    73    97    140   123   
     57    72    71    68    86    73    97    139   123   
     57    72    71    68    86    73    97    139   123   
     57    72    71    68    86    73    97    139   123   

A3   64    123   154   71    106   98    98    141   126   
     64    122   154   71    106   98    98    141   126   
     64    123   154   71    106   98    98    141   126   
     64    122   154   71    106   98    98    141   126   

bg   57    72    71    68    86    73    97    140   123   
     57    72    71    68    86    73    97    139   123   
     57    72    71    68    86    73    97    139   123   
     57    72    71    68    86    73    97    139   123   

B1   87    101   79    142   153   88    130   170   131   
     87    101   79    142   153   88    130   170   131   
     87    101   79    142   153   88    130   170   132   
     87    101   79    142   153   88    130   170   132   

bg   57    72    71    68    86    73    97    139   123   
     57    72    71    68    86    73    97    139   123   
     57    72    71    68    86    73    97    139   123   
     57    72    71    68    86    73    97    139   123   

B2   77    115   94    111   190   109   116   176   141   
     77    115   94    111   190   109   116   176   141   
     77    115   94    111   190   109   116   176   141   
     77    115   94    111   190   109   116   176   141   

bg   57    72    71    68    86    73    97    139   123   
     57    72    71    68    86    73    97    139   123   
     57    72    71    68    86    73    97    139   123   
     57    72    71    68    86    73    97    139   123   

B3   60    87    96    73    114   121   100   154   148   
     60    87    96    74    114   121   100   154   148   
     60    87    96    74    114   121   100   154   148   
     60    87    96    74    114   121   101   154   148   

bg   57    72    71    68    86    73    97    140   123   
     57    72    71    68    86    73    97    140   123   
     57    72    71    68    86    73    97    139   123   
     57    72    71    68    86    73    97    139   123   

C1   60    75    73    100   116   83    177   215   143   
     60    75    73    100   116   83    177   215   143   
     60    75    73    100   116   83    177   215   143   
     60    75    73    100   116   83    177   215   143   

bg   57    72    71    68    86    73    97    139   123   
     57    72    71    68    86    73    97    139   123   
     57    72    71    68    86    73    97    140   123   
     57    72    71    68    86    73    97    140   123   

C2   59    76    73    87    127   95    148   262   193   
     59    76    73    87    128   95    148   262   193   
     59    76    73    87    128   95    148   262   193   
     59    76    73    87    128   95    148   261   193   

bg   57    72    71    68    86    73    97    139   123   
     57    72    71    68    86    73    97    139   123   
     57    72    71    68    86    73    97    139   123   
     57    72    71    68    86    73    97    139   123   

C3   58    74    74    71    100   95    103   189   204   
     58    74    74    71    100   95    103   189   204   
     58    74    74    71    100   95    103   190   204   
     58    74    74    71    100   95    103   189   204   

bg   57    72    71    68    87    73    97    140   123   
     57    72    71    68    87    73    97    140   123   
     57    72    71    68    86    73    97    140   123   
     57    72    71    68    86    73    97    140   123   


Trial #2-------------------------

     A1    A2    A3    B1    B2    B3    C1    C2    C3    

A1   133   143   90    99    117   81    101   143   125   
     133   143   90    99    117   81    101   143   125   
     133   143   90    99    117   81    101   143   125   
     132   143   90    99    117   81    101   143   125   

bg   57    72    71    68    86    73    97    140   123   
     57    72    71    68    86    73    97    139   123   
     57    72    71    68    86    73    97    139   123   
     57    72    71    68    86    73    97    139   123   

A2   104   184   139   88    132   96    100   143   126   
     104   184   139   88    132   96    100   143   126   
     104   184   139   88    132   96    100   143   126   
     103   184   139   87    132   96    100   143   125   

bg   57    72    71    68    86    73    97    139   123   
     57    72    71    68    86    73    97    139   123   
     57    72    71    68    86    73    97    139   123   
     57    72    71    68    86    73    97    139   123   

A3   64    122   153   71    106   98    98    141   126   
     63    122   153   70    105   98    97    140   125   
     63    121   153   70    105   97    97    140   125   
     63    121   153   70    105   97    97    140   125   

bg   58    73    72    69    87    74    98    141   124   
     58    73    72    69    88    75    99    142   125   
     58    73    73    69    88    75    99    142   125   
     58    73    72    69    88    75    98    142   125   

B1   87    101   79    142   153   88    130   170   132   
     87    101   79    142   153   89    130   171   132   
     88    102   79    142   154   89    130   171   133   
     88    102   80    142   154   89    130   171   133   

bg   57    72    71    68    87    74    97    140   124   
     57    72    71    68    87    74    97    140   124   
     57    72    71    68    87    73    97    140   123   
     57    72    71    68    87    73    97    140   123   

B2   78    115   95    111   190   110   116   177   142   
     78    116   95    112   191   110   116   177   142   
     78    116   95    112   191   110   117   178   142   
     78    116   95    112   191   110   117   178   143   

bg   57    72    71    68    87    74    97    140   124   
     57    72    71    68    87    74    97    140   124   
     57    72    71    68    87    73    97    140   124   
     57    72    71    68    87    73    97    140   123   

B3   60    87    96    74    114   121   101   154   148   
     60    87    96    74    114   121   100   154   148   
     60    87    96    74    114   121   100   154   148   
     60    87    96    74    114   121   100   154   148   

bg   57    72    71    68    86    73    97    139   123   
     57    72    71    68    86    73    97    139   123   
     57    72    71    68    86    73    97    139   123   
     57    72    71    68    86    73    97    139   123   

C1   61    75    73    100   116   83    177   216   143   
     61    75    73    100   117   83    177   216   143   
     61    75    73    100   116   83    177   215   143   
     61    75    73    101   116   83    177   215   143   

bg   57    72    71    68    86    73    97    140   123   
     57    72    71    68    86    73    97    140   123   
     57    72    71    68    87    73    97    140   123   
     57    72    71    68    87    73    97    140   123   

C2   60    76    74    88    128   95    148   261   193   
     60    76    74    88    128   95    148   261   193   
     60    76    74    88    127   95    148   261   193   
     60    76    74    88    127   95    148   261   192   

bg   57    72    71    68    86    73    97    140   123   
     57    72    71    68    86    73    97    140   123   
     57    72    71    68    86    73    97    139   123   
     57    72    71    68    86    73    96    139   123   

C3   58    73    73    70    99    95    102   189   203   
     58    74    73    71    100   95    103   189   204   
     59    74    74    71    100   96    103   190   205   
     59    75    74    71    101   96    104   191   205   

bg   58    73    72    69    88    75    98    142   125   
     58    73    72    69    88    75    98    142   125   
     58    73    72    69    88    74    98    141   125   
     58    73    72    69    87    74    98    141   125   


Trial #3-------------------------

     A1    A2    A3    B1    B2    B3    C1    C2    C3    

A1   134   144   91    100   118   82    102   144   126   
     133   144   90    100   118   82    102   144   126   
     134   145   91    100   119   83    103   145   127   
     134   145   92    101   120   84    104   148   129   

bg   60    75    74    71    90    77    101   146   129   
     59    74    73    70    89    76    100   144   127   
     58    73    73    69    88    75    99    143   126   
     58    73    72    69    88    74    98    141   125   

A2   104   184   139   88    132   96    100   143   125   
     103   184   139   87    132   96    99    142   125   
     103   183   139   87    131   96    99    142   124   
     103   183   138   87    131   95    99    142   124   

bg   56    71    70    67    85    72    96    138   122   
     56    71    70    67    86    73    96    138   122   
     57    71    70    67    86    73    96    138   122   
     57    71    71    67    86    73    96    139   123   

A3   64    122   153   71    106   98    98    141   126   
     64    122   153   71    106   98    98    141   126   
     64    122   153   71    106   98    98    141   126   
     64    122   153   71    106   98    98    141   126   

bg   61    77    76    72    92    78    103   148   132   
     63    79    79    75    95    81    107   154   136   
     63    78    78    74    95    80    106   151   136   
     59    74    75    70    89    76    99    144   127   

B1   87    101   79    142   153   89    130   170   132   
     87    101   79    142   153   89    130   170   132   
     88    101   79    142   153   89    130   170   132   
     87    101   79    142   153   89    130   170   132   

bg   57    72    71    68    87    73    97    140   123   
     57    72    71    68    87    73    97    140   123   
     57    72    71    68    86    73    97    140   123   
     57    72    71    68    87    73    97    140   123   

B2   77    115   95    111   191   110   116   177   142   
     77    115   95    111   190   110   116   177   142   
     77    115   95    111   190   110   116   177   142   
     77    115   95    111   190   110   116   177   142   

bg   57    72    71    68    86    73    97    139   123   
     57    72    71    68    86    73    97    139   123   
     57    72    71    68    86    73    97    139   123   
     57    72    71    68    86    73    97    139   123   

B3   60    88    96    74    114   122   101   154   148   
     60    88    96    74    114   121   101   154   148   
     60    88    96    74    114   121   101   154   148   
     60    88    96    74    114   121   101   154   148   

bg   57    72    71    68    86    73    97    139   123   
     57    72    71    68    86    73    97    139   123   
     57    72    71    68    86    73    97    139   123   
     57    72    71    68    86    73    97    139   123   

C1   60    75    73    100   116   82    178   216   143   
     61    75    73    101   116   82    178   216   143   
     61    75    73    101   116   82    178   216   143   
     61    75    73    101   116   83    177   215   143   

bg   57    72    71    68    86    73    97    139   123   
     57    72    71    68    87    73    97    140   123   
     57    72    71    68    87    74    97    140   124   
     57    72    71    68    87    73    97    140   124   

C2   59    75    73    87    127   95    147   261   192   
     59    75    73    87    127   95    147   260   192   
     59    75    73    87    127   95    147   260   192   
     59    75    73    87    127   95    148   260   192   

bg   57    72    71    68    87    73    97    140   123   
     57    72    71    68    87    73    97    140   123   
     57    72    71    68    87    74    97    140   124   
     57    72    71    68    87    74    97    140   124   

C3   58    74    74    71    100   96    103   190   205   
     58    74    74    71    100   96    103   190   205   
     59    74    74    71    100   96    103   190   205   
     59    74    74    71    100   96    103   191   205   

bg   57    72    71    68    86    73    97    140   123   
     57    72    71    68    86    73    97    140   123   
     57    72    71    68    86    73    97    139   123   
     57    72    71    68    86    73    97    139   123   


Trial #4-------------------------

     A1    A2    A3    B1    B2    B3    C1    C2    C3    

A1   133   144   90    99    117   81    101   143   125   
     133   143   90    99    117   81    101   143   125   
     133   143   90    99    117   81    101   143   125   
     132   143   90    99    117   81    101   143   125   

bg   57    72    71    68    87    73    97    140   123   
     57    72    71    68    87    73    97    140   123   
     57    72    71    68    87    73    97    140   123   
     57    72    71    68    87    73    97    140   123   

A2   104   185   140   88    132   97    100   144   126   
     104   185   140   88    132   97    100   144   126   
     104   185   140   88    132   97    100   144   126   
     104   185   140   88    132   97    100   144   126   

bg   57    72    71    68    87    74    97    140   124   
     57    72    71    68    87    74    97    140   124   
     57    72    71    68    87    73    97    140   124   
     57    72    71    68    87    73    97    140   124   

A3   64    122   153   71    106   98    98    141   126   
     64    122   153   71    106   98    98    141   126   
     64    122   153   71    106   98    98    141   126   
     64    122   153   71    106   98    98    141   126   

bg   57    72    71    68    87    74    97    140   124   
     57    72    71    68    87    74    97    140   124   
     57    72    71    68    87    74    97    140   124   
     57    72    71    68    87    74    97    140   124   

B1   87    101   79    142   153   89    130   170   132   
     87    101   79    142   153   89    130   170   132   
     87    101   79    142   153   89    130   170   132   
     87    101   79    142   153   89    130   170   132   

bg   57    72    71    68    87    74    97    140   124   
     57    72    71    68    87    74    97    140   124   
     57    72    71    68    87    74    97    140   124   
     57    72    71    68    87    74    97    140   124   

B2   77    115   95    111   190   110   116   177   142   
     77    115   95    111   190   110   116   177   142   
     77    115   95    111   190   110   116   177   142   
     77    115   95    111   190   110   116   177   141   

bg   57    72    71    68    87    73    97    140   123   
     57    72    71    68    87    74    97    140   124   
     57    72    71    68    87    74    97    140   124   
     57    72    71    68    87    74    97    140   124   

B3   61    88    96    74    114   122   101   155   149   
     61    88    96    74    114   122   101   155   149   
     61    88    96    74    114   122   101   155   149   
     61    88    96    74    114   122   101   155   149   

bg   57    72    71    68    87    74    97    140   124   
     57    72    71    68    87    74    97    140   124   
     57    72    71    68    87    74    97    140   124   
     57    72    71    68    87    74    97    140   124   

C1   61    76    73    101   117   83    178   216   144   
     61    76    73    101   117   83    178   216   144   
     61    76    73    101   117   83    178   216   144   
     61    76    73    101   117   83    178   216   144   

bg   57    72    71    68    87    74    97    140   124   
     57    72    71    68    87    74    97    140   124   
     57    72    71    68    87    74    97    140   124   
     57    72    71    68    87    74    97    140   124   

C2   60    76    73    88    128   95    148   262   193   
     60    76    73    88    128   95    148   262   193   
     60    76    73    88    128   95    148   262   193   
     60    76    74    88    128   95    148   261   193   

bg   57    72    71    68    87    74    97    140   124   
     57    72    71    68    87    74    97    140   124   
     57    72    71    68    87    74    97    140   124   
     57    72    71    68    87    74    97    140   124   

C3   59    74    74    71    100   96    103   190   205   
     59    74    74    71    100   96    103   190   204   
     59    74    74    71    100   96    103   190   204   
     58    74    74    71    100   95    103   190   204   

bg   57    72    71    68    86    73    97    139   123   
     57    72    71    68    86    73    97    139   123   
     57    72    71    68    86    73    97    140   123   
     57    72    71    68    87    73    97    140   123   


