Trial #1-------------------------

     A1    A2    A3    B1    B2    B3    C1    C2    C3    

A1   135   144   96    102   132   109   106   157   142   
     135   144   96    102   132   109   106   157   142   
     135   144   96    102   132   109   106   157   142   
     135   144   96    102   132   109   106   157   142   

bg   60    76    78    71    103   101   102   153   140   
     60    75    78    71    103   101   102   153   140   
     59    75    78    71    103   101   102   153   140   
     60    75    78    71    103   101   102   153   140   

A2   104   177   140   90    140   123   105   157   143   
     104   177   140   90    140   124   105   157   143   
     104   177   140   90    140   124   105   158   143   
     104   177   140   90    140   124   105   158   143   

bg   60    76    79    71    104   101   102   154   140   
     60    76    79    71    104   101   102   154   140   
     60    76    79    71    104   101   102   154   140   
     60    76    79    71    104   101   102   154   140   

A3   66    121   158   74    121   129   104   156   144   
     66    121   158   74    121   129   104   157   144   
     66    121   158   74    121   129   104   156   144   
     66    121   158   74    121   129   104   156   144   

bg   60    76    79    71    103   101   102   154   140   
     60    76    78    71    103   101   102   153   140   
     60    75    78    71    103   101   102   153   140   
     59    75    78    71    103   101   102   153   139   

B1   89    103   85    145   167   117   135   184   149   
     90    104   86    146   168   118   136   186   150   
     90    104   87    147   169   118   137   187   152   
     90    104   87    146   168   118   137   186   151   

bg   60    76    79    72    104   102   103   155   141   
     60    76    79    72    104   102   103   155   141   
     60    76    79    72    104   102   103   155   141   
     60    76    79    72    104   101   103   154   140   

B2   78    108   99    113   199   159   121   193   167   
     78    108   99    112   199   159   121   193   167   
     78    108   99    113   199   159   121   193   167   
     78    109   99    113   199   160   121   194   168   

bg   60    76    79    72    104   102   103   155   141   
     60    76    79    72    104   102   103   155   142   
     60    76    79    72    104   102   103   155   141   
     61    77    80    73    105   103   104   156   142   

B3   64    93    108   78    151   181   108   181   181   
     63    93    107   78    150   181   108   181   180   
     63    93    107   78    150   180   108   180   180   
     63    93    107   78    150   180   108   180   180   

bg   60    76    79    72    104   102   103   155   141   
     60    76    79    72    104   102   103   155   141   
     60    76    79    72    104   102   103   155   141   
     60    76    79    72    105   102   103   155   142   

C1   64    80    81    105   135   112   185   232   162   
     64    80    81    105   135   112   184   232   161   
     63    79    81    105   134   112   184   231   161   
     63    79    80    104   134   112   184   231   161   

bg   60    75    78    71    103   101   102   153   140   
     60    75    78    71    103   101   102   153   140   
     59    75    78    71    103   101   102   153   140   
     59    75    78    71    103   101   102   153   140   

C2   62    79    81    91    148   133   153   277   212   
     62    79    81    91    147   133   153   276   212   
     62    80    82    91    147   133   153   276   212   
     62    80    81    91    147   133   153   276   212   

bg   60    76    79    71    104   101   103   154   140   
     60    76    79    71    104   101   102   154   140   
     60    76    79    71    104   101   102   154   140   
     60    76    79    71    104   101   102   154   140   

C3   61    78    82    75    126   136   109   208   227   
     61    78    82    75    126   136   109   208   226   
     61    78    82    75    126   136   109   208   226   
     61    78    82    75    126   136   109   208   226   

bg   60    76    79    72    104   102   103   154   141   
     60    76    79    72    104   102   103   154   141   
     60    76    79    72    104   102   103   154   141   
     60    76    79    72    104   101   103   154   140   


Trial #2-------------------------

     A1    A2    A3    B1    B2    B3    C1    C2    C3    

A1   135   144   96    102   132   109   106   157   142   
     135   144   96    102   132   109   106   157   142   
     134   144   96    102   132   109   107   157   142   
     134   144   96    102   132   109   107   157   142   

bg   60    76    79    72    104   101   103   154   140   
     60    76    79    72    104   101   103   154   140   
     60    76    79    72    104   101   103   154   140   
     60    76    79    72    104   101   103   154   140   

A2   105   177   141   90    141   124   106   158   144   
     105   177   141   90    141   124   106   158   144   
     105   177   141   90    141   124   106   158   144   
     105   177   141   90    141   124   106   158   144   

bg   60    76    79    72    104   102   103   154   141   
     60    76    79    72    104   102   103   154   141   
     60    76    79    72    104   102   103   154   141   
     60    76    79    72    104   102   103   154   140   

A3   66    121   158   74    122   129   104   157   145   
     66    121   158   75    122   129   104   157   145   
     66    121   158   75    122   129   104   157   145   
     66    121   158   75    122   129   104   157   145   

bg   60    76    79    72    104   101   103   154   141   
     60    76    79    71    104   101   102   154   140   
     60    76    79    71    104   101   102   154   140   
     60    76    78    71    103   101   102   153   140   

B1   89    103   85    145   167   116   135   183   148   
     89    103   85    146   167   116   135   183   148   
     90    103   85    146   167   116   135   184   149   
     90    103   85    146   167   117   136   184   149   

bg   60    76    79    72    104   102   103   154   141   
     60    76    79    72    104   102   103   155   141   
     60    76    79    72    104   102   103   155   141   
     60    76    79    72    104   102   103   155   141   

B2   78    108   99    113   199   160   121   194   167   
     78    108   99    113   199   160   121   194   167   
     78    109   99    113   199   160   121   194   167   
     78    109   99    113   199   160   121   194   167   

bg   60    76    79    72    104   102   103   154   141   
     60    76    79    72    104   102   103   154   141   
     60    76    79    72    104   102   103   155   141   
     60    76    79    72    104   102   103   154   141   

B3   63    92    107   77    149   180   107   179   179   
     63    92    107   77    149   180   107   179   179   
     63    92    107   77    149   180   107   179   179   
     63    92    107   77    149   180   107   179   179   

bg   60    76    79    72    104   102   103   155   141   
     60    76    79    72    104   102   103   155   141   
     60    76    79    72    104   102   103   155   141   
     60    76    79    72    104   102   103   155   141   

C1   65    81    82    106   136   114   186   234   163   
     66    83    84    107   139   117   188   237   167   
     67    83    85    108   139   117   189   239   168   
     66    83    85    108   139   117   188   238   168   

bg   61    78    80    73    106   104   105   158   144   
     61    77    80    72    105   103   104   156   142   
     60    76    79    72    105   102   103   155   141   
     60    76    79    72    104   102   103   155   141   

C2   63    80    82    92    148   133   154   277   213   
     62    79    81    91    147   132   153   276   212   
     62    79    81    91    147   132   153   276   211   
     62    79    81    91    147   132   153   275   212   

bg   60    76    79    72    104   102   103   154   141   
     60    76    79    72    104   102   103   154   141   
     60    76    79    72    104   102   103   155   141   
     60    76    79    72    104   102   103   155   141   

C3   61    78    82    75    126   136   109   208   226   
     61    78    82    75    126   136   109   208   226   
     61    78    82    75    126   136   109   208   226   
     61    78    82    75    126   136   109   208   226   

bg   60    76    79    72    104   102   103   155   141   
     60    76    79    72    104   102   103   154   141   
     60    76    79    72    104   102   103   155   141   
     60    76    79    72    104   102   103   155   141   


Trial #3-------------------------

     A1    A2    A3    B1    B2    B3    C1    C2    C3    

A1   135   145   96    103   133   109   107   158   143   
     135   144   96    102   133   109   107   158   143   
     135   144   96    102   132   109   107   158   143   
     135   144   96    102   132   109   107   158   143   

bg   60    76    79    72    104   102   103   154   140   
     60    76    79    71    104   101   103   154   140   
     60    76    79    71    104   101   102   154   140   
     60    76    79    71    104   101   102   154   140   

A2   105   176   140   90    140   124   105   158   144   
     105   177   141   90    140   124   105   158   144   
     105   177   140   90    140   124   106   158   144   
     105   177   140   90    140   124   106   158   144   

bg   60    76    79    72    104   102   103   155   141   
     60    76    79    72    104   102   103   155   141   
     60    76    79    72    104   102   103   155   141   
     60    76    79    72    104   102   103   155   141   

A3   66    121   158   74    121   129   104   156   144   
     66    121   158   74    121   129   104   156   144   
     66    121   158   74    121   129   104   156   144   
     66    121   158   74    121   129   104   156   144   

bg   60    76    79    72    104   102   103   155   141   
     60    76    79    72    104   102   103   155   141   
     60    76    79    72    104   102   103   155   141   
     60    76    79    72    104   102   103   155   141   

B1   90    103   86    146   167   117   136   185   150   
     90    103   86    146   167   117   136   185   149   
     90    103   86    145   167   117   136   185   149   
     90    103   86    145   167   117   135   184   149   

bg   60    76    79    72    104   102   103   154   141   
     60    76    79    72    104   102   103   155   141   
     60    76    79    72    104   102   103   155   141   
     60    77    79    72    105   102   103   155   142   

B2   79    110   100   114   201   161   123   196   169   
     79    110   100   114   201   161   123   196   169   
     78    109   100   114   200   161   122   195   169   
     78    109   100   113   200   161   122   195   169   

bg   60    76    79    72    105   102   103   155   141   
     60    76    79    72    105   102   103   155   142   
     60    76    79    72    105   102   103   155   142   
     60    76    79    72    105   102   103   155   142   

B3   63    93    108   78    150   181   108   180   180   
     63    93    108   78    150   180   107   180   180   
     63    93    107   78    150   180   107   180   180   
     63    93    107   78    150   180   107   180   179   

bg   60    76    79    72    104   102   103   154   141   
     60    76    79    72    104   101   103   154   140   
     60    76    79    72    104   101   103   154   140   
     60    76    79    72    104   101   102   154   140   

C1   63    79    81    104   134   112   183   231   161   
     63    79    81    104   134   112   183   231   161   
     63    79    81    104   134   112   183   231   161   
     63    80    81    104   134   112   183   231   161   

bg   60    76    79    72    104   102   103   155   141   
     60    76    79    72    105   102   103   155   141   
     60    76    79    72    105   102   103   155   141   
     60    76    79    72    105   102   103   155   141   

C2   63    80    82    92    148   133   154   277   213   
     63    80    82    91    148   133   154   277   213   
     63    80    82    91    148   133   154   277   213   
     63    80    82    91    148   133   154   277   213   

bg   60    76    79    72    104   102   103   155   141   
     60    76    79    72    104   102   103   155   141   
     60    76    79    72    104   102   103   155   141   
     60    76    79    72    104   102   103   155   141   

C3   62    79    83    75    126   136   109   209   226   
     62    79    83    75    126   137   109   209   226   
     62    79    83    75    126   136   109   209   226   
     62    79    83    75    126   137   109   209   226   

bg   60    76    79    72    104   102   103   155   141   
     60    76    79    72    104   102   103   155   141   
     60    76    79    72    104   102   103   155   141   
     60    76    79    72    104   102   103   155   141   


Trial #4-------------------------

     A1    A2    A3    B1    B2    B3    C1    C2    C3    

A1   136   145   97    103   133   110   107   158   143   
     136   145   96    103   133   110   108   159   143   
     135   145   96    103   133   110   107   159   143   
     135   145   96    103   133   110   108   159   143   

bg   61    77    80    73    105   103   104   157   142   
     61    77    80    73    106   103   104   157   143   
     61    78    80    73    106   104   105   157   143   
     61    78    81    73    106   104   105   157   143   

A2   106   178   142   91    142   125   107   160   145   
     105   178   142   91    142   125   107   160   145   
     105   177   141   91    141   125   106   160   145   
     105   177   141   91    141   125   106   159   145   

bg   60    76    79    72    104   102   103   155   141   
     60    76    79    72    104   102   103   155   141   
     60    76    79    72    104   102   103   155   141   
     60    76    79    72    104   102   103   155   141   

A3   66    121   159   75    122   130   104   157   145   
     66    121   159   75    122   130   104   157   145   
     66    121   159   75    122   130   105   158   145   
     67    121   159   75    122   130   105   158   146   

bg   61    77    80    72    105   103   104   156   142   
     61    77    80    72    105   103   104   156   142   
     61    77    80    72    105   102   104   156   142   
     60    77    79    72    105   102   104   156   142   

B1   90    103   86    146   168   117   136   185   150   
     90    103   86    146   168   117   136   185   150   
     90    103   86    146   167   117   136   185   150   
     90    103   86    146   167   117   136   185   150   

bg   60    76    79    72    104   102   103   155   141   
     60    76    79    72    104   102   103   154   141   
     60    76    79    72    104   102   103   154   141   
     60    76    79    72    104   102   103   154   141   

B2   78    109   99    113   200   160   122   195   168   
     78    109   99    113   200   161   122   195   168   
     78    109   99    113   200   160   122   195   168   
     78    109   99    113   200   160   122   195   168   

bg   60    76    79    72    104   102   103   155   141   
     60    76    79    72    104   102   103   155   141   
     60    76    79    72    104   102   103   155   141   
     60    76    79    72    104   102   103   155   141   

B3   63    93    107   78    150   180   107   180   179   
     63    93    107   78    150   180   107   180   179   
     63    93    107   78    150   180   107   180   179   
     63    93    107   78    150   180   107   180   179   

bg   60    76    79    72    104   102   103   155   141   
     60    76    79    72    104   102   103   155   141   
     60    76    79    72    104   102   103   155   141   
     60    76    79    72    104   102   103   155   141   

C1   64    80    81    105   134   112   184   231   162   
     64    80    81    105   135   112   184   231   162   
     64    80    81    105   135   112   184   231   162   
     64    80    81    105   135   113   184   231   162   

bg   60    76    79    72    105   102   103   155   141   
     60    76    79    72    104   102   103   155   141   
     60    76    79    72    104   102   103   155   141   
     60    76    79    72    104   102   103   155   141   

C2   63    80    82    92    148   134   154   278   213   
     63    80    82    92    148   134   154   277   213   
     63    80    82    91    148   133   154   277   213   
     63    80    82    91    148   133   153   277   213   

bg   60    76    79    72    104   102   103   155   141   
     60    76    79    72    104   102   103   155   141   
     60    76    79    72    104   102   103   155   141   
     60    76    79    72    104   102   103   155   141   

C3   62    79    83    75    126   137   109   209   227   
     62    79    83    75    126   137   109   209   227   
     62    79    83    75    126   137   110   209   227   
     62    79    83    75    126   137   110   209   227   

bg   61    77    80    73    106   103   105   157   143   
     61    78    81    73    106   104   105   158   144   
     62    78    81    73    107   104   105   158   144   
     61    78    81    73    106   104   105   158   144   


