     A1    A2    A3    B1    B2    B3    C1    C2    C3    

A1   66    48    10    25    21    5     4     3     2     
     66    48    10    25    21    5     4     3     2     
     66    48    10    25    21    5     4     3     2     
     66    48    10    25    21    5     4     3     2     

bg   0     0     0     0     0     0     0     0     0     
     0     0     0     0     0     0     0     0     0     
     0     0     0     0     0     0     0     0     0     
     0     0     0     0     0     0     0     0     0     

A2   36    76    55    16    37    24    3     4     3     
     36    76    55    16    37    24    3     4     3     
     36    76    55    16    37    24    3     4     3     
     36    76    55    16    37    24    3     4     3     

bg   0     0     0     0     0     0     0     0     0     
     0     0     0     0     0     0     0     0     0     
     0     0     0     0     0     0     0     0     0     
     0     0     0     0     0     0     0     0     0     

A3   5     41    74    3     22    30    2     3     4     
     5     41    74    3     22    30    2     3     4     
     5     41    74    3     22    30    2     3     4     
     5     41    74    3     22    30    2     3     4     

bg   0     0     0     0     0     0     0     0     0     
     0     0     0     0     0     0     0     0     0     
     0     0     0     0     0     0     0     0     0     
     0     0     0     0     0     0     0     0     0     

B1   30    26    7     74    64    16    35    30    8     
     30    26    7     73    64    16    35    30    8     
     30    26    7     73    64    16    35    30    8     
     30    26    7     73    64    16    35    30    8     

bg   0     0     0     0     0     0     0     0     0     
     0     0     0     0     0     0     0     0     0     
     0     0     0     0     0     0     0     0     0     
     0     0     0     0     0     0     0     0     0     

B2   17    36    24    39    108   66    21    42    27    
     17    36    24    39    107   66    21    42    27    
     17    36    24    39    107   66    21    42    27    
     17    36    24    39    107   65    21    42    27    

bg   0     0     0     0     0     0     0     0     0     
     0     0     0     0     0     0     0     0     0     
     0     0     0     0     0     0     0     0     0     
     0     0     0     0     0     0     0     0     0     

B3   3     18    27    5     49    76    4     23    34    
     3     18    27    5     49    76    4     23    34    
     3     18    27    5     49    76    4     23    34    
     3     18    27    5     49    76    4     23    34    

bg   0     0     0     0     0     0     0     0     0     
     0     0     0     0     0     0     0     0     0     
     0     0     0     0     0     0     0     0     0     
     0     0     0     0     0     0     0     0     0     

C1   4     3     2     33    32    11    80    71    22    
     4     3     2     33    32    11    80    71    22    
     4     3     2     33    32    11    80    71    22    
     4     3     2     33    33    11    80    71    22    

bg   0     0     0     0     0     0     0     0     0     
     0     0     0     0     0     0     0     0     0     
     0     0     0     0     0     0     0     0     0     
     0     0     0     0     0     0     0     0     0     

C2   3     4     3     22    49    33    53    111   68    
     3     4     3     22    49    33    53    110   68    
     3     4     3     22    49    33    53    110   67    
     3     4     3     22    49    33    53    110   67    

bg   0     0     0     0     0     0     0     0     0     
     0     0     0     0     0     0     0     0     0     
     0     0     0     0     0     0     0     0     0     
     0     0     0     0     0     0     0     0     0     

C3   1     2     3     3     23    32    8     49    72    
     1     2     3     3     23    32    8     49    72    
     1     2     3     3     23    32    8     49    72    
     1     2     3     3     23    32    8     49    73    

bg   0     0     0     0     0     0     0     0     0     
     0     0     0     0     0     0     0     0     0     
     0     0     0     0     0     0     0     0     0     
     0     0     0     0     0     0     0     0     0     
