Trial #1-------------------------

     A1    A2    A3    B1    B2    B3    C1    C2    C3    

A1   76    72    19    28    28    8     4     3     2     
     76    72    19    28    28    8     4     3     2     
     76    72    19    29    28    8     4     3     2     
     77    72    19    29    28    8     4     3     2     

bg   0     0     0     0     0     0     0     0     0     
     0     0     0     0     0     0     0     0     0     
     0     0     0     0     0     0     0     0     0     
     0     0     0     0     0     0     0     0     0     

A2   46    114   70    18    45    29    3     4     3     
     46    114   70    18    45    29    3     4     3     
     46    113   70    18    45    29    3     4     3     
     46    113   69    18    45    29    3     4     3     

bg   0     0     0     0     0     0     0     0     0     
     0     0     0     0     0     0     0     0     0     
     0     0     0     0     0     0     0     0     0     
     0     0     0     0     0     0     0     0     0     

A3   7     51    84    3     22    31    1     2     4     
     7     51    85    3     22    31    1     2     4     
     7     51    85    3     22    31    1     2     4     
     7     51    85    3     22    31    1     2     4     

bg   0     0     0     0     0     0     0     0     0     
     0     0     0     0     0     0     0     0     0     
     0     0     0     0     0     0     0     0     0     
     0     0     0     0     0     0     0     0     0     

B1   28    27    7     49    43    12    21    18    6     
     28    27    7     48    43    12    21    18    6     
     28    27    7     48    43    12    21    18    6     
     28    26    7     48    43    12    20    18    5     

bg   0     0     0     0     0     0     0     0     0     
     0     0     0     0     0     0     0     0     0     
     0     0     0     0     0     0     0     0     0     
     0     0     0     0     0     0     0     0     0     

B2   18    44    29    27    84    62    10    27    23    
     18    44    29    27    84    62    10    27    23    
     18    44    29    27    84    62    10    27    23    
     18    44    29    27    84    62    10    27    23    

bg   0     0     0     0     0     0     0     0     0     
     0     0     0     0     0     0     0     0     0     
     0     0     0     0     0     0     0     0     0     
     0     0     0     0     0     0     0     0     0     

B3   3     23    34    4     48    84    3     22    38    
     3     23    33    4     48    83    3     22    37    
     3     23    33    4     48    83    3     22    37    
     3     23    33    4     48    83    3     22    37    

bg   0     0     0     0     0     0     0     0     0     
     0     0     0     0     0     0     0     0     0     
     0     0     0     0     0     0     0     0     0     
     0     0     0     0     0     0     0     0     0     

C1   3     3     2     19    17    7     71    68    18    
     3     3     2     19    17    7     71    68    18    
     3     3     2     19    17    7     71    67    18    
     3     3     2     19    17    7     71    67    18    

bg   0     0     0     0     0     0     0     0     0     
     0     0     0     0     0     0     0     0     0     
     0     0     0     0     0     0     0     0     0     
     0     0     0     0     0     0     0     0     0     

C2   2     4     3     12    29    26    45    113   68    
     2     4     3     12    29    26    45    113   68    
     2     4     3     12    29    26    45    113   68    
     2     4     3     12    29    26    45    113   68    

bg   0     0     0     0     0     0     0     0     0     
     0     0     0     0     0     0     0     0     0     
     0     0     0     0     0     0     0     0     0     
     0     0     0     0     0     0     0     0     0     

C3   1     3     4     2     20    34    5     52    84    
     1     3     4     2     20    34    5     52    84    
     1     3     4     2     20    34    5     52    85    
     1     3     4     2     20    34    5     52    85    

bg   0     0     0     0     0     0     0     0     0     
     0     0     0     0     0     0     0     0     0     
     0     0     0     0     0     0     0     0     0     
     0     0     0     0     0     0     0     0     0     


Trial #2-------------------------

     A1    A2    A3    B1    B2    B3    C1    C2    C3    

A1   77    72    19    29    28    8     4     3     2     
     77    72    19    29    28    8     4     3     2     
     77    71    19    29    28    8     4     3     2     
     77    71    19    29    28    8     4     3     2     

bg   0     0     0     0     0     0     0     0     0     
     0     0     0     0     0     0     0     0     0     
     0     0     0     0     0     0     0     0     0     
     0     0     0     0     0     0     0     0     0     

A2   46    114   70    18    45    29    3     4     3     
     46    114   70    18    45    29    3     4     3     
     46    114   69    18    45    29    3     4     3     
     46    113   69    18    45    29    3     4     3     

bg   0     0     0     0     0     0     0     0     0     
     0     0     0     0     0     0     0     0     0     
     0     0     0     0     0     0     0     0     0     
     0     0     0     0     0     0     0     0     0     

A3   7     52    85    3     23    32    1     2     4     
     7     52    85    3     23    32    1     2     4     
     7     52    85    3     23    32    1     2     4     
     7     51    85    3     23    31    1     2     4     

bg   0     0     0     0     0     0     0     0     0     
     0     0     0     0     0     0     0     0     0     
     0     0     0     0     0     0     0     0     0     
     0     0     0     0     0     0     0     0     0     

B1   28    26    7     47    43    12    20    18    5     
     28    26    7     47    42    12    20    18    5     
     28    26    7     47    43    12    20    18    5     
     28    26    7     47    42    12    20    18    5     

bg   0     0     0     0     0     0     0     0     0     
     0     0     0     0     0     0     0     0     0     
     0     0     0     0     0     0     0     0     0     
     0     0     0     0     0     0     0     0     0     

B2   18    44    29    27    84    62    10    27    23    
     18    44    29    27    84    62    10    27    23    
     18    44    29    27    83    62    10    27    23    
     18    44    29    27    83    61    10    27    23    

bg   0     0     0     0     0     0     0     0     0     
     0     0     0     0     0     0     0     0     0     
     0     0     0     0     0     0     0     0     0     
     0     0     0     0     0     0     0     0     0     

B3   3     23    33    4     48    83    3     22    37    
     3     23    33    4     48    82    3     22    37    
     3     23    33    4     48    82    3     22    37    
     3     23    33    4     48    82    3     22    37    

bg   0     0     0     0     0     0     0     0     0     
     0     0     0     0     0     0     0     0     0     
     0     0     0     0     0     0     0     0     0     
     0     0     0     0     0     0     0     0     0     

C1   3     3     2     19    17    7     71    68    18    
     3     3     2     19    17    7     72    68    18    
     3     3     2     19    17    7     72    68    18    
     3     3     2     19    17    7     72    68    18    

bg   0     0     0     0     0     0     0     0     0     
     0     0     0     0     0     0     0     0     0     
     0     0     0     0     0     0     0     0     0     
     0     0     0     0     0     0     0     0     0     

C2   2     4     3     12    29    26    45    113   68    
     2     4     3     12    29    26    45    113   68    
     2     4     3     12    29    26    45    113   68    
     2     4     3     12    29    26    45    113   68    

bg   0     0     0     0     0     0     0     0     0     
     0     0     0     0     0     0     0     0     0     
     0     0     0     0     0     0     0     0     0     
     0     0     0     0     0     0     0     0     0     

C3   1     3     4     2     20    34    5     52    85    
     1     3     4     2     20    34    5     52    86    
     1     3     4     2     20    34    5     52    86    
     1     3     4     2     20    34    5     52    86    

bg   0     0     0     0     0     0     0     0     0     
     0     0     0     0     0     0     0     0     0     
     0     0     0     0     0     0     0     0     0     
     0     0     0     0     0     0     0     0     0     


Trial #3-------------------------

     A1    A2    A3    B1    B2    B3    C1    C2    C3    

A1   77    72    19    29    29    8     4     3     2     
     77    72    19    29    28    8     4     3     2     
     76    71    19    28    28    8     4     3     2     
     76    71    19    28    28    8     4     3     2     

bg   0     0     0     0     0     0     0     0     0     
     0     0     0     0     0     0     0     0     0     
     0     0     0     0     0     0     0     0     0     
     0     0     0     0     0     0     0     0     0     

A2   46    114   70    18    45    29    3     4     3     
     46    114   70    18    45    29    3     4     3     
     46    114   69    18    45    29    3     4     3     
     46    114   69    18    45    29    3     4     3     

bg   0     0     0     0     0     0     0     0     0     
     0     0     0     0     0     0     0     0     0     
     0     0     0     0     0     0     0     0     0     
     0     0     0     0     0     0     0     0     0     

A3   7     52    85    3     23    31    1     2     4     
     7     52    84    3     23    31    1     2     4     
     7     52    84    3     23    31    1     2     4     
     7     52    84    3     23    31    1     2     4     

bg   0     0     0     0     0     0     0     0     0     
     0     0     0     0     0     0     0     0     0     
     0     0     0     0     0     0     0     0     0     
     0     0     0     0     0     0     0     0     0     

B1   28    26    7     47    42    12    20    18    5     
     28    26    7     47    42    12    20    18    5     
     28    26    7     47    43    12    20    18    5     
     28    26    7     47    43    12    20    18    5     

bg   0     0     0     0     0     0     0     0     0     
     0     0     0     0     0     0     0     0     0     
     0     0     0     0     0     0     0     0     0     
     0     0     0     0     0     0     0     0     0     

B2   18    44    29    27    83    62    10    27    23    
     18    44    29    26    83    62    10    27    23    
     18    44    29    26    83    61    10    27    23    
     18    44    29    26    83    61    10    27    23    

bg   0     0     0     0     0     0     0     0     0     
     0     0     0     0     0     0     0     0     0     
     0     0     0     0     0     0     0     0     0     
     0     0     0     0     0     0     0     0     0     

B3   3     23    33    4     48    83    3     22    37    
     3     23    33    4     48    83    3     22    37    
     3     23    33    4     48    83    3     22    37    
     3     23    33    4     48    83    3     22    37    

bg   0     0     0     0     0     0     0     0     0     
     0     0     0     0     0     0     0     0     0     
     0     0     0     0     0     0     0     0     0     
     0     0     0     0     0     0     0     0     0     

C1   3     3     2     19    17    7     72    68    18    
     3     3     2     19    17    7     72    68    18    
     3     3     2     19    17    7     72    68    18    
     3     3     2     19    17    7     72    68    18    

bg   0     0     0     0     0     0     0     0     0     
     0     0     0     0     0     0     0     0     0     
     0     0     0     0     0     0     0     0     0     
     0     0     0     0     0     0     0     0     0     

C2   2     4     3     12    29    26    45    113   68    
     2     4     3     12    29    26    45    113   68    
     2     4     3     12    29    26    45    113   68    
     2     4     3     12    29    26    45    113   68    

bg   0     0     0     0     0     0     0     0     0     
     0     0     0     0     0     0     0     0     0     
     0     0     0     0     0     0     0     0     0     
     0     0     0     0     0     0     0     0     0     

C3   1     3     4     2     20    34    5     52    86    
     1     3     4     2     20    34    5     52    86    
     1     3     4     2     20    34    5     52    86    
     1     3     4     2     20    34    5     52    85    

bg   0     0     0     0     0     0     0     0     0     
     0     0     0     0     0     0     0     0     0     
     0     0     0     0     0     0     0     0     0     
     0     0     0     0     0     0     0     0     0     


Trial #4-------------------------

     A1    A2    A3    B1    B2    B3    C1    C2    C3    

A1   76    72    19    28    28    8     4     3     2     
     76    71    19    28    28    8     4     3     2     
     76    71    19    28    28    8     4     3     2     
     75    71    19    28    28    8     4     3     2     

bg   0     0     0     0     0     0     0     0     0     
     0     0     0     0     0     0     0     0     0     
     0     0     0     0     0     0     0     0     0     
     0     0     0     0     0     0     0     0     0     

A2   46    113   69    18    45    29    3     4     3     
     46    113   69    18    45    29    3     4     3     
     46    113   69    18    45    29    3     4     3     
     46    113   69    18    45    29    3     4     3     

bg   0     0     0     0     0     0     0     0     0     
     0     0     0     0     0     0     0     0     0     
     0     0     0     0     0     0     0     0     0     
     0     0     0     0     0     0     0     0     0     

A3   7     52    84    3     23    31    1     2     4     
     7     52    84    3     23    31    1     2     4     
     7     52    84    3     23    31    1     2     4     
     7     52    84    3     23    31    1     2     4     

bg   0     0     0     0     0     0     0     0     0     
     0     0     0     0     0     0     0     0     0     
     0     0     0     0     0     0     0     0     0     
     0     0     0     0     0     0     0     0     0     

B1   28    26    7     48    43    12    20    18    5     
     28    26    7     48    43    12    21    18    5     
     28    26    7     48    43    12    21    18    6     
     28    26    7     48    43    12    21    18    6     

bg   0     0     0     0     0     0     0     0     0     
     0     0     0     0     0     0     0     0     0     
     0     0     0     0     0     0     0     0     0     
     0     0     0     0     0     0     0     0     0     

B2   18    44    29    26    83    61    10    27    23    
     18    44    29    26    83    61    10    27    23    
     18    44    29    26    83    61    10    27    23    
     18    44    29    26    83    61    10    27    23    

bg   0     0     0     0     0     0     0     0     0     
     0     0     0     0     0     0     0     0     0     
     0     0     0     0     0     0     0     0     0     
     0     0     0     0     0     0     0     0     0     

B3   3     23    34    4     48    84    3     22    38    
     3     23    34    4     48    84    3     22    38    
     3     23    34    4     48    84    3     22    38    
     3     23    34    4     48    84    3     22    38    

bg   0     0     0     0     0     0     0     0     0     
     0     0     0     0     0     0     0     0     0     
     0     0     0     0     0     0     0     0     0     
     0     0     0     0     0     0     0     0     0     

C1   3     3     2     19    17    7     72    68    18    
     3     3     2     19    17    7     72    68    18    
     3     3     2     19    17    7     72    68    18    
     3     3     2     19    17    7     71    68    18    

bg   0     0     0     0     0     0     0     0     0     
     0     0     0     0     0     0     0     0     0     
     0     0     0     0     0     0     0     0     0     
     0     0     0     0     0     0     0     0     0     

C2   2     4     3     12    29    26    45    112   68    
     2     4     3     12    29    26    45    112   68    
     2     4     3     12    29    26    45    112   68    
     2     4     3     12    29    26    45    112   68    

bg   0     0     0     0     0     0     0     0     0     
     0     0     0     0     0     0     0     0     0     
     0     0     0     0     0     0     0     0     0     
     0     0     0     0     0     0     0     0     0     

C3   1     3     4     2     20    34    5     52    85    
     1     3     4     2     20    34    5     52    84    
     1     3     4     2     20    34    5     52    84    
     1     3     4     2     20    34    5     52    84    

bg   0     0     0     0     0     0     0     0     0     
     0     0     0     0     0     0     0     0     0     
     0     0     0     0     0     0     0     0     0     
     0     0     0     0     0     0     0     0     0     


