Trial #1-------------------------

     A1    A2    A3    B1    B2    B3    C1    C2    C3    

A1   77    72    19    28    28    8     4     3     2     
     77    72    19    28    28    8     4     3     2     
     76    71    19    28    28    8     4     3     2     
     76    71    19    28    28    8     4     3     2     

bg   0     0     0     0     0     0     0     0     0     
     0     0     0     0     0     0     0     0     0     
     0     0     0     0     0     0     0     0     0     
     0     0     0     0     0     0     0     0     0     

A2   47    115   70    18    46    29    2     4     4     
     47    115   70    18    46    29    2     4     4     
     47    115   70    18    46    29    2     4     4     
     47    114   70    18    46    29    2     4     4     

bg   0     0     0     0     0     0     0     0     0     
     0     0     0     0     0     0     0     0     0     
     0     0     0     0     0     0     0     0     0     
     0     0     0     0     0     0     0     0     0     

A3   7     52    85    3     23    31    1     2     4     
     7     52    84    3     23    31    1     2     4     
     7     52    84    3     23    31    1     2     4     
     7     52    84    3     23    31    1     2     4     

bg   0     0     0     0     0     0     0     0     0     
     0     0     0     0     0     0     0     0     0     
     0     0     0     0     0     0     0     0     0     
     0     0     0     0     0     0     0     0     0     

B1   27    26    7     42    39    12    18    16    5     
     27    26    7     42    39    12    18    16    5     
     28    26    7     42    39    12    18    16    5     
     28    26    7     42    39    12    18    16    5     

bg   0     0     0     0     0     0     0     0     0     
     0     0     0     0     0     0     0     0     0     
     0     0     0     0     0     0     0     0     0     
     0     0     0     0     0     0     0     0     0     

B2   18    44    29    22    89    65    8     29    25    
     18    44    29    22    88    65    8     29    25    
     18    44    29    22    88    65    8     29    25    
     18    44    29    22    88    65    8     29    25    

bg   0     0     0     0     0     0     0     0     0     
     0     0     0     0     0     0     0     0     0     
     0     0     0     0     0     0     0     0     0     
     0     0     0     0     0     0     0     0     0     

B3   4     23    34    4     54    87    3     24    39    
     4     23    34    4     54    87    3     24    39    
     4     23    34    4     54    87    3     24    39    
     4     23    34    4     54    87    3     24    39    

bg   0     0     0     0     0     0     0     0     0     
     0     0     0     0     0     0     0     0     0     
     0     0     0     0     0     0     0     0     0     
     0     0     0     0     0     0     0     0     0     

C1   3     3     2     16    15    7     70    67    18    
     3     3     2     16    15    7     70    67    18    
     3     3     2     16    15    7     70    66    18    
     3     3     2     16    15    7     70    66    18    

bg   0     0     0     0     0     0     0     0     0     
     0     0     0     0     0     0     0     0     0     
     0     0     0     0     0     0     0     0     0     
     0     0     0     0     0     0     0     0     0     

C2   2     4     3     10    32    28    43    115   70    
     2     4     3     10    32    28    43    115   70    
     2     4     3     10    32    28    43    115   70    
     2     4     3     10    32    28    43    115   70    

bg   0     0     0     0     0     0     0     0     0     
     0     0     0     0     0     0     0     0     0     
     0     0     0     0     0     0     0     0     0     
     0     0     0     0     0     0     0     0     0     

C3   1     3     4     2     21    35    5     53    87    
     1     3     4     2     21    35    5     53    87    
     1     3     4     2     21    35    6     53    87    
     1     3     4     2     21    35    6     53    86    

bg   0     0     0     0     0     0     0     0     0     
     0     0     0     0     0     0     0     0     0     
     0     0     0     0     0     0     0     0     0     
     0     0     0     0     0     0     0     0     0     


Trial #2-------------------------

     A1    A2    A3    B1    B2    B3    C1    C2    C3    

A1   77    72    19    28    28    8     4     3     2     
     76    72    19    28    28    8     4     3     2     
     76    71    19    28    28    8     4     3     2     
     76    71    19    28    28    8     4     3     2     

bg   0     0     0     0     0     0     0     0     0     
     0     0     0     0     0     0     0     0     0     
     0     0     0     0     0     0     0     0     0     
     0     0     0     0     0     0     0     0     0     

A2   46    114   70    18    46    29    2     4     3     
     46    114   70    18    46    29    2     4     3     
     46    114   70    18    45    29    2     4     3     
     46    114   70    18    45    29    2     4     3     

bg   0     0     0     0     0     0     0     0     0     
     0     0     0     0     0     0     0     0     0     
     0     0     0     0     0     0     0     0     0     
     0     0     0     0     0     0     0     0     0     

A3   7     52    84    3     23    31    1     2     4     
     7     52    85    3     23    31    1     3     4     
     7     52    85    3     23    31    1     3     4     
     7     52    85    3     23    31    1     2     4     

bg   0     0     0     0     0     0     0     0     0     
     0     0     0     0     0     0     0     0     0     
     0     0     0     0     0     0     0     0     0     
     0     0     0     0     0     0     0     0     0     

B1   28    26    7     43    39    12    18    16    5     
     28    26    7     43    39    12    18    16    5     
     28    26    7     43    39    12    18    16    5     
     28    26    7     43    39    12    18    16    5     

bg   0     0     0     0     0     0     0     0     0     
     0     0     0     0     0     0     0     0     0     
     0     0     0     0     0     0     0     0     0     
     0     0     0     0     0     0     0     0     0     

B2   18    44    29    22    89    65    8     29    25    
     18    44    29    22    89    65    8     29    25    
     18    44    29    22    89    65    8     29    25    
     18    44    29    22    89    65    8     29    25    

bg   0     0     0     0     0     0     0     0     0     
     0     0     0     0     0     0     0     0     0     
     0     0     0     0     0     0     0     0     0     
     0     0     0     0     0     0     0     0     0     

B3   4     23    34    4     53    87    3     24    39    
     4     23    34    4     53    87    3     24    39    
     4     23    34    4     53    86    3     24    39    
     4     23    34    4     53    86    3     24    39    

bg   0     0     0     0     0     0     0     0     0     
     0     0     0     0     0     0     0     0     0     
     0     0     0     0     0     0     0     0     0     
     0     0     0     0     0     0     0     0     0     

C1   3     3     2     16    15    7     70    67    18    
     3     3     2     16    15    7     70    66    18    
     3     3     2     16    15    7     69    66    18    
     3     3     2     16    15    7     69    66    18    

bg   0     0     0     0     0     0     0     0     0     
     0     0     0     0     0     0     0     0     0     
     0     0     0     0     0     0     0     0     0     
     0     0     0     0     0     0     0     0     0     

C2   2     4     3     10    32    28    43    116   70    
     2     4     3     11    32    28    43    115   70    
     2     4     3     10    32    28    43    115   70    
     2     4     3     10    32    28    43    115   70    

bg   0     0     0     0     0     0     0     0     0     
     0     0     0     0     0     0     0     0     0     
     0     0     0     0     0     0     0     0     0     
     0     0     0     0     0     0     0     0     0     

C3   1     3     4     2     21    35    5     53    86    
     1     3     4     2     21    35    5     53    86    
     1     3     4     2     21    35    5     53    86    
     1     3     4     2     21    35    5     53    86    

bg   0     0     0     0     0     0     0     0     0     
     0     0     0     0     0     0     0     0     0     
     0     0     0     0     0     0     0     0     0     
     0     0     0     0     0     0     0     0     0     


Trial #3-------------------------

     A1    A2    A3    B1    B2    B3    C1    C2    C3    

A1   77    72    19    28    28    8     4     3     2     
     77    72    19    28    28    8     4     3     2     
     77    72    19    28    28    8     4     3     2     
     77    72    19    28    28    8     4     3     2     

bg   0     0     0     0     0     0     0     0     0     
     0     0     0     0     0     0     0     0     0     
     0     0     0     0     0     0     0     0     0     
     0     0     0     0     0     0     0     0     0     

A2   46    114   70    18    46    29    2     4     4     
     46    114   70    18    46    29    2     4     4     
     46    114   70    18    46    29    2     4     4     
     46    114   70    18    45    29    2     4     4     

bg   0     0     0     0     0     0     0     0     0     
     0     0     0     0     0     0     0     0     0     
     0     0     0     0     0     0     0     0     0     
     0     0     0     0     0     0     0     0     0     

A3   7     52    85    3     23    32    1     3     4     
     7     52    85    3     23    32    1     3     4     
     7     52    85    3     23    32    1     3     4     
     7     52    85    3     23    32    1     3     4     

bg   0     0     0     0     0     0     0     0     0     
     0     0     0     0     0     0     0     0     0     
     0     0     0     0     0     0     0     0     0     
     0     0     0     0     0     0     0     0     0     

B1   28    26    7     42    39    12    18    16    5     
     28    26    7     42    39    12    18    16    5     
     27    26    7     42    39    12    18    16    5     
     27    26    7     42    39    12    18    16    5     

bg   0     0     0     0     0     0     0     0     0     
     0     0     0     0     0     0     0     0     0     
     0     0     0     0     0     0     0     0     0     
     0     0     0     0     0     0     0     0     0     

B2   18    44    29    22    89    66    8     29    25    
     18    44    29    22    89    65    8     29    25    
     18    44    29    22    89    65    8     29    25    
     18    44    29    22    89    65    8     29    25    

bg   0     0     0     0     0     0     0     0     0     
     0     0     0     0     0     0     0     0     0     
     0     0     0     0     0     0     0     0     0     
     0     0     0     0     0     0     0     0     0     

B3   4     23    34    4     54    87    3     24    39    
     4     23    34    4     54    86    3     24    39    
     4     23    34    4     54    86    3     24    39    
     4     23    34    4     54    86    3     24    39    

bg   0     0     0     0     0     0     0     0     0     
     0     0     0     0     0     0     0     0     0     
     0     0     0     0     0     0     0     0     0     
     0     0     0     0     0     0     0     0     0     

C1   3     3     2     16    15    7     69    66    18    
     3     3     2     16    15    7     69    66    18    
     3     3     2     16    15    7     69    66    18    
     3     3     2     16    15    7     69    66    18    

bg   0     0     0     0     0     0     0     0     0     
     0     0     0     0     0     0     0     0     0     
     0     0     0     0     0     0     0     0     0     
     0     0     0     0     0     0     0     0     0     

C2   2     4     3     10    32    29    43    116   70    
     2     4     3     10    32    29    43    115   70    
     2     4     3     10    32    29    43    115   70    
     2     4     3     10    32    29    43    115   70    

bg   0     0     0     0     0     0     0     0     0     
     0     0     0     0     0     0     0     0     0     
     0     0     0     0     0     0     0     0     0     
     0     0     0     0     0     0     0     0     0     

C3   1     3     4     2     21    35    5     53    86    
     1     3     4     2     21    35    5     53    86    
     1     3     4     2     21    35    5     53    86    
     1     3     4     2     21    35    5     53    86    

bg   0     0     0     0     0     0     0     0     0     
     0     0     0     0     0     0     0     0     0     
     0     0     0     0     0     0     0     0     0     
     0     0     0     0     0     0     0     0     0     


Trial #4-------------------------

     A1    A2    A3    B1    B2    B3    C1    C2    C3    

A1   77    72    19    28    28    8     4     3     2     
     77    71    19    28    28    8     4     3     2     
     76    71    19    28    28    8     4     3     2     
     76    71    18    28    28    8     4     3     2     

bg   0     0     0     0     0     0     0     0     0     
     0     0     0     0     0     0     0     0     0     
     0     0     0     0     0     0     0     0     0     
     0     0     0     0     0     0     0     0     0     

A2   46    114   70    18    46    29    2     4     4     
     46    114   70    18    46    29    2     4     4     
     46    114   70    18    46    29    2     4     4     
     46    114   70    18    46    29    2     4     4     

bg   0     0     0     0     0     0     0     0     0     
     0     0     0     0     0     0     0     0     0     
     0     0     0     0     0     0     0     0     0     
     0     0     0     0     0     0     0     0     0     

A3   7     52    85    3     23    32    1     3     4     
     7     52    85    3     23    32    1     3     4     
     7     52    85    3     23    31    1     3     4     
     7     52    85    3     23    31    1     2     4     

bg   0     0     0     0     0     0     0     0     0     
     0     0     0     0     0     0     0     0     0     
     0     0     0     0     0     0     0     0     0     
     0     0     0     0     0     0     0     0     0     

B1   27    26    7     42    39    12    18    16    5     
     27    26    7     42    39    12    18    16    5     
     27    26    7     42    39    12    18    16    5     
     27    26    7     42    39    12    18    16    5     

bg   0     0     0     0     0     0     0     0     0     
     0     0     0     0     0     0     0     0     0     
     0     0     0     0     0     0     0     0     0     
     0     0     0     0     0     0     0     0     0     

B2   18    44    29    22    89    66    8     29    25    
     18    44    29    22    89    65    8     29    25    
     18    44    29    22    89    65    8     29    25    
     18    44    29    22    88    65    8     29    25    

bg   0     0     0     0     0     0     0     0     0     
     0     0     0     0     0     0     0     0     0     
     0     0     0     0     0     0     0     0     0     
     0     0     0     0     0     0     0     0     0     

B3   4     23    34    4     54    86    3     24    39    
     4     23    34    4     54    86    3     24    39    
     4     23    34    4     54    86    3     24    39    
     4     23    34    4     54    86    3     24    39    

bg   0     0     0     0     0     0     0     0     0     
     0     0     0     0     0     0     0     0     0     
     0     0     0     0     0     0     0     0     0     
     0     0     0     0     0     0     0     0     0     

C1   3     3     2     16    15    7     70    66    18    
     3     3     2     16    15    7     70    66    18    
     3     3     2     16    15    7     70    66    18    
     3     3     2     16    15    7     70    66    18    

bg   0     0     0     0     0     0     0     0     0     
     0     0     0     0     0     0     0     0     0     
     0     0     0     0     0     0     0     0     0     
     0     0     0     0     0     0     0     0     0     

C2   2     4     3     10    32    28    43    115   70    
     2     4     3     10    32    28    43    114   70    
     2     4     3     10    32    28    43    114   70    
     2     4     3     10    32    28    43    114   70    

bg   0     0     0     0     0     0     0     0     0     
     0     0     0     0     0     0     0     0     0     
     0     0     0     0     0     0     0     0     0     
     0     0     0     0     0     0     0     0     0     

C3   1     3     4     2     21    35    5     53    87    
     1     3     4     2     21    35    5     53    87    
     1     3     4     2     21    35    5     53    87    
     1     3     4     2     21    35    5     53    87    

bg   0     0     0     0     0     0     0     0     0     
     0     0     0     0     0     0     0     0     0     
     0     0     0     0     0     0     0     0     0     
     0     0     0     0     0     0     0     0     0     


