Trial #1-------------------------

     A1    A2    A3    B1    B2    B3    C1    C2    C3    

A1   76    72    19    28    29    8     4     3     2     
     76    71    19    28    29    8     4     3     2     
     76    71    19    29    29    8     4     3     2     
     76    71    19    29    29    8     4     3     2     

bg   0     0     0     0     0     0     0     0     0     
     0     0     0     0     0     0     0     0     0     
     0     0     0     0     0     0     0     0     0     
     0     0     0     0     0     0     0     0     0     

A2   46    113   70    19    45    28    3     4     3     
     46    113   69    19    45    28    3     4     3     
     46    113   69    19    45    28    3     4     3     
     46    113   69    19    45    28    3     4     3     

bg   0     0     0     0     0     0     0     0     0     
     0     0     0     0     0     0     0     0     0     
     0     0     0     0     0     0     0     0     0     
     0     0     0     0     0     0     0     0     0     

A3   7     52    84    3     22    31    1     2     4     
     7     52    85    3     22    31    1     2     4     
     7     52    85    3     22    31    1     2     4     
     7     52    85    3     22    31    1     2     4     

bg   0     0     0     0     0     0     0     0     0     
     0     0     0     0     0     0     0     0     0     
     0     0     0     0     0     0     0     0     0     
     0     0     0     0     0     0     0     0     0     

B1   29    27    8     52    50    13    23    21    6     
     29    27    8     51    49    13    23    21    6     
     29    27    8     51    49    13    22    21    6     
     28    27    8     50    49    13    22    21    6     

bg   0     0     0     0     0     0     0     0     0     
     0     0     0     0     0     0     0     0     0     
     0     0     0     0     0     0     0     0     0     
     0     0     0     0     0     0     0     0     0     

B2   19    44    28    32    88    57    14    28    21    
     19    44    28    32    88    57    14    28    21    
     19    44    28    32    88    57    14    28    21    
     19    44    28    32    87    57    14    28    21    

bg   0     0     0     0     0     0     0     0     0     
     0     0     0     0     0     0     0     0     0     
     0     0     0     0     0     0     0     0     0     
     0     0     0     0     0     0     0     0     0     

B3   3     22    33    5     42    78    3     19    35    
     3     22    33    5     42    78    3     19    35    
     3     22    33    5     42    77    3     19    34    
     3     22    32    5     42    76    3     19    34    

bg   0     0     0     0     0     0     0     0     0     
     0     0     0     0     0     0     0     0     0     
     0     0     0     0     0     0     0     0     0     
     0     0     0     0     0     0     0     0     0     

C1   3     3     2     20    20    8     72    70    18    
     3     3     2     20    20    8     72    69    18    
     3     3     2     20    20    8     72    69    18    
     3     3     2     20    20    8     72    69    18    

bg   0     0     0     0     0     0     0     0     0     
     0     0     0     0     0     0     0     0     0     
     0     0     0     0     0     0     0     0     0     
     0     0     0     0     0     0     0     0     0     

C2   2     4     3     15    31    24    47    113   66    
     2     4     3     15    31    24    47    113   66    
     2     4     3     15    31    24    47    113   66    
     2     4     3     15    31    24    47    113   66    

bg   0     0     0     0     0     0     0     0     0     
     0     0     0     0     0     0     0     0     0     
     0     0     0     0     0     0     0     0     0     
     0     0     0     0     0     0     0     0     0     

C3   1     3     4     2     17    31    6     50    82    
     1     3     4     2     17    31    6     50    82    
     1     3     4     2     17    31    6     50    82    
     1     3     4     2     17    31    6     49    82    

bg   0     0     0     0     0     0     0     0     0     
     0     0     0     0     0     0     0     0     0     
     0     0     0     0     0     0     0     0     0     
     0     0     0     0     0     0     0     0     0     


Trial #2-------------------------

     A1    A2    A3    B1    B2    B3    C1    C2    C3    

A1   77    72    19    29    29    8     4     3     2     
     78    72    19    29    29    8     4     3     2     
     77    72    19    29    29    8     4     3     2     
     77    72    19    29    29    8     4     3     2     

bg   0     0     0     0     0     0     0     0     0     
     0     0     0     0     0     0     0     0     0     
     0     0     0     0     0     0     0     0     0     
     0     0     0     0     0     0     0     0     0     

A2   46    114   70    19    45    28    3     4     3     
     47    114   70    19    45    28    3     4     3     
     46    114   70    19    45    28    3     4     3     
     46    113   69    19    45    28    3     4     3     

bg   0     0     0     0     0     0     0     0     0     
     0     0     0     0     0     0     0     0     0     
     0     0     0     0     0     0     0     0     0     
     0     0     0     0     0     0     0     0     0     

A3   7     52    85    3     22    31    1     2     4     
     7     52    85    3     22    31    1     2     4     
     7     52    85    3     22    31    1     2     4     
     7     52    85    3     22    31    1     2     4     

bg   0     0     0     0     0     0     0     0     0     
     0     0     0     0     0     0     0     0     0     
     0     0     0     0     0     0     0     0     0     
     0     0     0     0     0     0     0     0     0     

B1   29    27    8     51    50    13    22    21    6     
     28    27    8     51    49    13    22    21    6     
     28    27    8     50    49    13    22    21    6     
     28    27    8     50    49    13    22    21    6     

bg   0     0     0     0     0     0     0     0     0     
     0     0     0     0     0     0     0     0     0     
     0     0     0     0     0     0     0     0     0     
     0     0     0     0     0     0     0     0     0     

B2   19    44    28    32    88    57    14    28    21    
     19    44    28    32    88    57    14    28    21    
     19    44    28    32    88    57    14    28    21    
     19    44    28    32    87    57    14    28    21    

bg   0     0     0     0     0     0     0     0     0     
     0     0     0     0     0     0     0     0     0     
     0     0     0     0     0     0     0     0     0     
     0     0     0     0     0     0     0     0     0     

B3   3     22    33    5     42    77    3     19    34    
     3     22    32    5     42    77    3     19    34    
     3     22    32    5     42    77    3     19    34    
     3     22    32    5     42    76    3     19    34    

bg   0     0     0     0     0     0     0     0     0     
     0     0     0     0     0     0     0     0     0     
     0     0     0     0     0     0     0     0     0     
     0     0     0     0     0     0     0     0     0     

C1   3     3     2     20    20    8     72    69    18    
     3     3     2     20    20    8     72    69    18    
     3     3     2     20    20    8     73    69    18    
     3     3     2     20    20    8     73    69    18    

bg   0     0     0     0     0     0     0     0     0     
     0     0     0     0     0     0     0     0     0     
     0     0     0     0     0     0     0     0     0     
     0     0     0     0     0     0     0     0     0     

C2   2     4     3     15    31    24    47    114   67    
     2     4     3     15    31    24    47    114   67    
     2     4     3     15    31    24    47    114   67    
     2     4     3     15    31    24    47    113   66    

bg   0     0     0     0     0     0     0     0     0     
     0     0     0     0     0     0     0     0     0     
     0     0     0     0     0     0     0     0     0     
     0     0     0     0     0     0     0     0     0     

C3   1     3     4     2     17    31    6     50    83    
     1     3     4     2     17    31    6     50    83    
     1     3     4     2     17    32    6     50    84    
     1     3     4     2     17    32    6     50    84    

bg   0     0     0     0     0     0     0     0     0     
     0     0     0     0     0     0     0     0     0     
     0     0     0     0     0     0     0     0     0     
     0     0     0     0     0     0     0     0     0     


Trial #3-------------------------

     A1    A2    A3    B1    B2    B3    C1    C2    C3    

A1   77    72    19    29    29    8     4     3     2     
     77    71    19    29    29    8     4     3     2     
     76    71    19    28    29    8     4     3     2     
     75    71    19    28    29    8     4     3     2     

bg   0     0     0     0     0     0     0     0     0     
     0     0     0     0     0     0     0     0     0     
     0     0     0     0     0     0     0     0     0     
     0     0     0     0     0     0     0     0     0     

A2   47    114   70    19    45    28    3     4     3     
     47    114   70    19    45    28    3     4     3     
     47    114   69    19    45    28    3     4     3     
     47    114   69    19    45    28    3     4     3     

bg   0     0     0     0     0     0     0     0     0     
     0     0     0     0     0     0     0     0     0     
     0     0     0     0     0     0     0     0     0     
     0     0     0     0     0     0     0     0     0     

A3   7     52    85    3     22    31    1     2     4     
     7     52    84    3     22    31    1     2     4     
     7     52    84    3     22    31    1     2     4     
     7     52    83    3     22    31    1     2     4     

bg   0     0     0     0     0     0     0     0     0     
     0     0     0     0     0     0     0     0     0     
     0     0     0     0     0     0     0     0     0     
     0     0     0     0     0     0     0     0     0     

B1   28    27    7     50    49    13    22    21    6     
     28    27    7     50    49    13    22    21    6     
     28    27    7     50    49    13    22    21    6     
     28    27    7     50    49    13    22    21    6     

bg   0     0     0     0     0     0     0     0     0     
     0     0     0     0     0     0     0     0     0     
     0     0     0     0     0     0     0     0     0     
     0     0     0     0     0     0     0     0     0     

B2   19    44    28    32    88    57    14    28    21    
     19    44    28    32    88    57    14    28    21    
     19    44    28    32    88    57    14    28    21    
     19    44    28    32    88    57    14    28    21    

bg   0     0     0     0     0     0     0     0     0     
     0     0     0     0     0     0     0     0     0     
     0     0     0     0     0     0     0     0     0     
     0     0     0     0     0     0     0     0     0     

B3   3     22    32    5     42    77    3     19    34    
     3     22    33    5     42    77    3     19    34    
     3     22    33    5     42    77    3     19    34    
     3     22    33    5     42    77    3     19    34    

bg   0     0     0     0     0     0     0     0     0     
     0     0     0     0     0     0     0     0     0     
     0     0     0     0     0     0     0     0     0     
     0     0     0     0     0     0     0     0     0     

C1   3     3     2     20    20    8     74    70    18    
     3     3     2     20    20    8     74    70    18    
     3     3     2     20    20    8     73    70    18    
     3     3     2     20    20    8     73    69    18    

bg   0     0     0     0     0     0     0     0     0     
     0     0     0     0     0     0     0     0     0     
     0     0     0     0     0     0     0     0     0     
     0     0     0     0     0     0     0     0     0     

C2   2     4     3     15    31    24    48    115   67    
     2     4     3     15    31    24    48    114   67    
     2     4     3     15    31    24    48    114   67    
     2     4     3     15    31    24    48    114   66    

bg   0     0     0     0     0     0     0     0     0     
     0     0     0     0     0     0     0     0     0     
     0     0     0     0     0     0     0     0     0     
     0     0     0     0     0     0     0     0     0     

C3   1     3     4     2     17    32    6     50    84    
     1     3     4     2     17    32    6     50    84    
     1     3     4     2     17    32    6     50    83    
     1     3     4     2     17    31    6     50    83    

bg   0     0     0     0     0     0     0     0     0     
     0     0     0     0     0     0     0     0     0     
     0     0     0     0     0     0     0     0     0     
     0     0     0     0     0     0     0     0     0     


Trial #4-------------------------

     A1    A2    A3    B1    B2    B3    C1    C2    C3    

A1   76    71    19    29    29    8     4     3     2     
     75    71    19    28    29    8     4     3     2     
     75    71    19    28    29    8     4     3     2     
     75    71    19    28    29    8     4     3     2     

bg   0     0     0     0     0     0     0     0     0     
     0     0     0     0     0     0     0     0     0     
     0     0     0     0     0     0     0     0     0     
     0     0     0     0     0     0     0     0     0     

A2   46    113   69    19    45    28    3     4     3     
     46    113   69    19    45    28    3     4     3     
     46    113   69    19    45    28    3     4     3     
     46    113   69    19    45    28    3     4     3     

bg   0     0     0     0     0     0     0     0     0     
     0     0     0     0     0     0     0     0     0     
     0     0     0     0     0     0     0     0     0     
     0     0     0     0     0     0     0     0     0     

A3   7     52    84    3     22    31    1     2     4     
     7     52    84    3     22    31    1     2     4     
     7     52    84    3     22    31    1     2     4     
     7     52    84    3     22    31    1     2     4     

bg   0     0     0     0     0     0     0     0     0     
     0     0     0     0     0     0     0     0     0     
     0     0     0     0     0     0     0     0     0     
     0     0     0     0     0     0     0     0     0     

B1   28    27    7     51    49    13    22    21    6     
     28    27    7     51    49    13    22    21    6     
     29    27    7     51    49    13    22    21    6     
     29    27    7     51    49    13    22    21    6     

bg   0     0     0     0     0     0     0     0     0     
     0     0     0     0     0     0     0     0     0     
     0     0     0     0     0     0     0     0     0     
     0     0     0     0     0     0     0     0     0     

B2   19    44    28    32    88    57    14    28    21    
     19    44    28    32    88    57    14    28    21    
     19    44    28    32    88    57    14    28    21    
     19    44    28    32    88    57    14    28    21    

bg   0     0     0     0     0     0     0     0     0     
     0     0     0     0     0     0     0     0     0     
     0     0     0     0     0     0     0     0     0     
     0     0     0     0     0     0     0     0     0     

B3   3     22    33    5     42    77    3     19    35    
     3     22    33    5     42    77    3     19    35    
     3     22    33    5     42    77    3     18    34    
     3     22    33    5     42    77    3     18    34    

bg   0     0     0     0     0     0     0     0     0     
     0     0     0     0     0     0     0     0     0     
     0     0     0     0     0     0     0     0     0     
     0     0     0     0     0     0     0     0     0     

C1   3     3     2     20    20    8     74    70    18    
     3     3     2     20    20    8     73    70    18    
     3     3     2     20    20    8     73    70    18    
     3     3     2     20    20    8     72    69    18    

bg   0     0     0     0     0     0     0     0     0     
     0     0     0     0     0     0     0     0     0     
     0     0     0     0     0     0     0     0     0     
     0     0     0     0     0     0     0     0     0     

C2   2     4     3     15    31    24    48    115   67    
     2     4     3     15    31    24    48    114   67    
     2     4     3     15    31    24    48    114   67    
     2     4     3     15    31    24    48    114   67    

bg   0     0     0     0     0     0     0     0     0     
     0     0     0     0     0     0     0     0     0     
     0     0     0     0     0     0     0     0     0     
     0     0     0     0     0     0     0     0     0     

C3   1     3     4     2     17    31    6     50    83    
     1     3     4     2     17    31    6     50    82    
     1     3     4     2     17    31    6     50    82    
     1     3     4     2     17    31    6     50    82    

bg   0     0     0     0     0     0     0     0     0     
     0     0     0     0     0     0     0     0     0     
     0     0     0     0     0     0     0     0     0     
     0     0     0     0     0     0     0     0     0     


