Trial #1-------------------------

     A1    A2    A3    B1    B2    B3    C1    C2    C3    

A1   76    72    19    29    29    8     4     3     2     
     76    72    19    29    29    8     4     3     2     
     76    72    19    29    29    8     4     3     2     
     77    72    19    29    29    8     4     3     2     

bg   0     0     0     0     0     0     0     0     0     
     0     0     0     0     0     0     0     0     0     
     0     0     0     0     0     0     0     0     0     
     0     0     0     0     0     0     0     0     0     

A2   46    114   70    19    47    28    3     4     3     
     46    114   70    19    47    28    3     4     3     
     46    114   70    19    47    28    3     4     3     
     46    114   70    19    47    28    3     4     3     

bg   0     0     0     0     0     0     0     0     0     
     0     0     0     0     0     0     0     0     0     
     0     0     0     0     0     0     0     0     0     
     0     0     0     0     0     0     0     0     0     

A3   7     52    84    3     22    30    1     2     4     
     7     51    84    3     22    30    1     2     4     
     7     51    85    3     22    30    1     2     4     
     7     51    85    3     22    30    1     2     4     

bg   0     0     0     0     0     0     0     0     0     
     0     0     0     0     0     0     0     0     0     
     0     0     0     0     0     0     0     0     0     
     0     0     0     0     0     0     0     0     0     

B1   29    27    8     52    55    15    23    23    8     
     29    27    8     52    55    15    23    23    8     
     29    27    8     51    55    15    23    23    8     
     28    27    8     51    54    15    22    23    8     

bg   0     0     0     0     0     0     0     0     0     
     0     0     0     0     0     0     0     0     0     
     0     0     0     0     0     0     0     0     0     
     0     0     0     0     0     0     0     0     0     

B2   19    45    29    34    105   56    15    36    22    
     19    45    29    34    105   56    15    36    22    
     20    45    29    34    105   55    15    36    22    
     20    45    29    34    105   56    15    36    22    

bg   0     0     0     0     0     0     0     0     0     
     0     0     0     0     0     0     0     0     0     
     0     0     0     0     0     0     0     0     0     
     0     0     0     0     0     0     0     0     0     

B3   4     22    32    6     45    60    4     19    27    
     4     22    31    6     45    60    4     19    27    
     4     22    31    6     45    59    4     19    27    
     4     22    31    6     45    59    4     19    27    

bg   0     0     0     0     0     0     0     0     0     
     0     0     0     0     0     0     0     0     0     
     0     0     0     0     0     0     0     0     0     
     0     0     0     0     0     0     0     0     0     

C1   3     3     2     20    22    9     72    71    19    
     3     3     2     20    22    9     72    71    19    
     3     3     2     20    22    9     72    71    19    
     3     3     2     20    22    9     73    71    19    

bg   0     0     0     0     0     0     0     0     0     
     0     0     0     0     0     0     0     0     0     
     0     0     0     0     0     0     0     0     0     
     0     0     0     0     0     0     0     0     0     

C2   2     4     3     16    39    25    48    120   67    
     2     4     3     16    39    25    48    120   67    
     2     4     3     16    39    26    48    120   67    
     2     4     3     16    39    26    48    120   68    

bg   0     0     0     0     0     0     0     0     0     
     0     0     0     0     0     0     0     0     0     
     0     0     0     0     0     0     0     0     0     
     0     0     0     0     0     0     0     0     0     

C3   1     2     3     3     15    21    6     48    74    
     1     2     3     3     15    21    6     48    74    
     1     2     3     3     15    21    6     48    74    
     1     2     3     3     15    22    6     48    75    

bg   0     0     0     0     0     0     0     0     0     
     0     0     0     0     0     0     0     0     0     
     0     0     0     0     0     0     0     0     0     
     0     0     0     0     0     0     0     0     0     


Trial #2-------------------------

     A1    A2    A3    B1    B2    B3    C1    C2    C3    

A1   77    72    19    29    30    8     4     3     2     
     78    72    19    29    30    8     4     3     2     
     78    72    19    29    30    8     4     3     2     
     77    72    19    29    30    8     4     3     2     

bg   0     0     0     0     0     0     0     0     0     
     0     0     0     0     0     0     0     0     0     
     0     0     0     0     0     0     0     0     0     
     0     0     0     0     0     0     0     0     0     

A2   46    113   70    19    47    28    3     4     3     
     46    113   69    19    47    28    3     4     3     
     46    113   69    19    47    28    3     4     3     
     46    113   69    19    47    28    3     4     3     

bg   0     0     0     0     0     0     0     0     0     
     0     0     0     0     0     0     0     0     0     
     0     0     0     0     0     0     0     0     0     
     0     0     0     0     0     0     0     0     0     

A3   7     52    85    3     22    30    1     2     4     
     7     52    85    3     22    30    1     2     4     
     7     52    85    3     22    30    1     2     4     
     7     52    85    3     22    30    1     2     4     

bg   0     0     0     0     0     0     0     0     0     
     0     0     0     0     0     0     0     0     0     
     0     0     0     0     0     0     0     0     0     
     0     0     0     0     0     0     0     0     0     

B1   28    27    8     51    55    15    23    23    8     
     28    27    8     51    54    15    22    23    8     
     28    27    8     51    54    15    22    23    8     
     28    27    8     51    54    15    22    23    8     

bg   0     0     0     0     0     0     0     0     0     
     0     0     0     0     0     0     0     0     0     
     0     0     0     0     0     0     0     0     0     
     0     0     0     0     0     0     0     0     0     

B2   19    45    29    34    105   56    15    36    22    
     19    45    29    34    105   56    15    36    22    
     20    45    29    34    105   56    15    36    22    
     19    45    29    34    105   56    15    36    22    

bg   0     0     0     0     0     0     0     0     0     
     0     0     0     0     0     0     0     0     0     
     0     0     0     0     0     0     0     0     0     
     0     0     0     0     0     0     0     0     0     

B3   4     22    31    6     45    60    4     19    27    
     4     22    31    6     45    59    4     19    27    
     4     22    31    6     45    59    4     19    27    
     4     22    31    6     45    59    4     19    27    

bg   0     0     0     0     0     0     0     0     0     
     0     0     0     0     0     0     0     0     0     
     0     0     0     0     0     0     0     0     0     
     0     0     0     0     0     0     0     0     0     

C1   3     3     2     20    22    9     72    71    19    
     3     3     2     20    22    9     73    71    19    
     3     3     2     21    23    9     73    71    19    
     3     3     2     21    23    9     74    71    19    

bg   0     0     0     0     0     0     0     0     0     
     0     0     0     0     0     0     0     0     0     
     0     0     0     0     0     0     0     0     0     
     0     0     0     0     0     0     0     0     0     

C2   2     4     3     16    39    26    48    120   68    
     2     4     3     16    39    26    48    120   68    
     2     4     3     16    39    26    48    120   68    
     2     4     3     16    39    26    48    120   67    

bg   0     0     0     0     0     0     0     0     0     
     0     0     0     0     0     0     0     0     0     
     0     0     0     0     0     0     0     0     0     
     0     0     0     0     0     0     0     0     0     

C3   1     2     3     3     15    21    6     48    75    
     1     2     3     3     15    22    6     48    75    
     1     2     3     3     15    22    6     48    75    
     1     2     3     3     15    22    6     48    75    

bg   0     0     0     0     0     0     0     0     0     
     0     0     0     0     0     0     0     0     0     
     0     0     0     0     0     0     0     0     0     
     0     0     0     0     0     0     0     0     0     


Trial #3-------------------------

     A1    A2    A3    B1    B2    B3    C1    C2    C3    

A1   77    72    19    29    29    8     4     3     2     
     77    71    19    29    29    8     4     3     2     
     76    71    19    29    29    8     4     3     2     
     75    71    18    28    29    8     4     3     2     

bg   0     0     0     0     0     0     0     0     0     
     0     0     0     0     0     0     0     0     0     
     0     0     0     0     0     0     0     0     0     
     0     0     0     0     0     0     0     0     0     

A2   46    114   69    19    47    28    3     4     3     
     46    114   69    19    47    28    3     4     3     
     46    113   69    19    47    28    3     4     3     
     46    113   69    19    47    28    3     4     3     

bg   0     0     0     0     0     0     0     0     0     
     0     0     0     0     0     0     0     0     0     
     0     0     0     0     0     0     0     0     0     
     0     0     0     0     0     0     0     0     0     

A3   7     52    85    3     22    30    1     2     4     
     7     52    84    3     22    30    1     2     4     
     7     52    84    3     22    30    1     2     4     
     7     52    83    3     22    30    1     2     4     

bg   0     0     0     0     0     0     0     0     0     
     0     0     0     0     0     0     0     0     0     
     0     0     0     0     0     0     0     0     0     
     0     0     0     0     0     0     0     0     0     

B1   28    27    8     51    54    15    22    23    8     
     28    27    8     51    54    15    22    23    8     
     28    27    8     51    54    15    22    23    8     
     29    27    8     51    54    15    22    23    8     

bg   0     0     0     0     0     0     0     0     0     
     0     0     0     0     0     0     0     0     0     
     0     0     0     0     0     0     0     0     0     
     0     0     0     0     0     0     0     0     0     

B2   19    45    29    34    105   57    15    36    22    
     19    45    29    34    105   56    15    36    22    
     19    45    29    34    105   56    15    36    22    
     19    45    29    34    105   56    15    36    22    

bg   0     0     0     0     0     0     0     0     0     
     0     0     0     0     0     0     0     0     0     
     0     0     0     0     0     0     0     0     0     
     0     0     0     0     0     0     0     0     0     

B3   4     22    31    6     45    60    4     19    27    
     4     22    31    6     45    60    4     19    27    
     4     22    31    6     45    60    4     19    27    
     4     22    32    6     45    60    4     19    27    

bg   0     0     0     0     0     0     0     0     0     
     0     0     0     0     0     0     0     0     0     
     0     0     0     0     0     0     0     0     0     
     0     0     0     0     0     0     0     0     0     

C1   3     3     2     21    23    9     74    72    19    
     3     3     2     21    23    9     74    72    19    
     3     3     2     21    23    9     73    72    19    
     3     3     2     21    23    9     73    71    19    

bg   0     0     0     0     0     0     0     0     0     
     0     0     0     0     0     0     0     0     0     
     0     0     0     0     0     0     0     0     0     
     0     0     0     0     0     0     0     0     0     

C2   2     4     3     16    40    26    48    120   68    
     2     4     3     16    39    25    48    120   67    
     2     4     3     16    39    25    48    120   67    
     2     4     3     16    39    25    48    120   67    

bg   0     0     0     0     0     0     0     0     0     
     0     0     0     0     0     0     0     0     0     
     0     0     0     0     0     0     0     0     0     
     0     0     0     0     0     0     0     0     0     

C3   1     2     3     3     15    22    6     48    76    
     1     2     3     3     15    22    6     48    76    
     1     2     3     3     15    22    6     48    75    
     1     2     3     3     15    22    6     48    75    

bg   0     0     0     0     0     0     0     0     0     
     0     0     0     0     0     0     0     0     0     
     0     0     0     0     0     0     0     0     0     
     0     0     0     0     0     0     0     0     0     


Trial #4-------------------------

     A1    A2    A3    B1    B2    B3    C1    C2    C3    

A1   76    72    19    29    29    8     4     3     2     
     75    71    19    28    29    8     4     3     2     
     75    71    19    28    29    8     4     3     2     
     75    71    19    28    29    8     4     3     2     

bg   0     0     0     0     0     0     0     0     0     
     0     0     0     0     0     0     0     0     0     
     0     0     0     0     0     0     0     0     0     
     0     0     0     0     0     0     0     0     0     

A2   47    114   70    19    47    28    3     4     3     
     46    114   69    19    47    28    3     4     3     
     46    113   69    19    47    28    3     4     3     
     46    114   70    19    47    28    3     4     3     

bg   0     0     0     0     0     0     0     0     0     
     0     0     0     0     0     0     0     0     0     
     0     0     0     0     0     0     0     0     0     
     0     0     0     0     0     0     0     0     0     

A3   7     52    84    3     22    30    1     2     4     
     7     52    84    3     22    30    1     2     4     
     7     52    83    3     22    30    1     2     4     
     7     52    83    3     22    30    1     2     4     

bg   0     0     0     0     0     0     0     0     0     
     0     0     0     0     0     0     0     0     0     
     0     0     0     0     0     0     0     0     0     
     0     0     0     0     0     0     0     0     0     

B1   28    27    8     51    54    15    22    23    8     
     28    27    8     51    54    15    22    23    8     
     29    27    8     51    54    15    22    23    8     
     29    27    8     51    54    15    23    23    8     

bg   0     0     0     0     0     0     0     0     0     
     0     0     0     0     0     0     0     0     0     
     0     0     0     0     0     0     0     0     0     
     0     0     0     0     0     0     0     0     0     

B2   19    45    29    34    106   57    15    36    22    
     19    45    29    34    105   57    15    36    22    
     20    45    29    34    105   56    15    36    22    
     20    45    29    34    105   56    15    36    22    

bg   0     0     0     0     0     0     0     0     0     
     0     0     0     0     0     0     0     0     0     
     0     0     0     0     0     0     0     0     0     
     0     0     0     0     0     0     0     0     0     

B3   3     22    32    6     45    60    4     19    27    
     4     22    32    6     45    60    4     19    27    
     4     22    32    6     45    61    4     19    27    
     3     22    32    6     45    60    4     19    27    

bg   0     0     0     0     0     0     0     0     0     
     0     0     0     0     0     0     0     0     0     
     0     0     0     0     0     0     0     0     0     
     0     0     0     0     0     0     0     0     0     

C1   3     3     2     21    23    9     74    72    19    
     3     3     2     21    23    9     73    72    19    
     3     3     2     21    23    9     73    71    19    
     3     3     2     20    23    9     72    71    19    

bg   0     0     0     0     0     0     0     0     0     
     0     0     0     0     0     0     0     0     0     
     0     0     0     0     0     0     0     0     0     
     0     0     0     0     0     0     0     0     0     

C2   2     4     3     16    39    25    48    120   67    
     2     4     3     16    39    25    48    119   67    
     2     4     3     16    39    25    48    119   67    
     2     4     3     16    39    25    48    119   67    

bg   0     0     0     0     0     0     0     0     0     
     0     0     0     0     0     0     0     0     0     
     0     0     0     0     0     0     0     0     0     
     0     0     0     0     0     0     0     0     0     

C3   1     2     3     3     15    22    6     48    76    
     1     2     3     3     15    22    6     48    75    
     1     2     3     3     15    22    6     48    75    
     1     2     3     3     15    21    6     48    74    

bg   0     0     0     0     0     0     0     0     0     
     0     0     0     0     0     0     0     0     0     
     0     0     0     0     0     0     0     0     0     
     0     0     0     0     0     0     0     0     0     


