Trial #1-------------------------

     A1    A2    A3    B1    B2    B3    C1    C2    C3    

A1   77    72    19    28    29    9     4     3     2     
     77    72    19    28    29    9     4     3     2     
     76    72    19    28    29    9     4     3     2     
     75    71    18    28    28    8     4     3     2     

bg   0     0     0     0     0     0     0     0     0     
     0     0     0     0     0     0     0     0     0     
     0     0     0     0     0     0     0     0     0     
     0     0     0     0     0     0     0     0     0     

A2   46    114   70    18    47    29    3     4     4     
     46    114   70    18    47    29    3     4     4     
     46    114   70    18    47    29    3     4     4     
     46    114   70    18    47    29    3     4     4     

bg   0     0     0     0     0     0     0     0     0     
     0     0     0     0     0     0     0     0     0     
     0     0     0     0     0     0     0     0     0     
     0     0     0     0     0     0     0     0     0     

A3   7     52    85    3     23    31    1     3     4     
     7     52    85    3     23    31    1     3     4     
     7     52    85    3     23    31    1     3     4     
     7     52    85    3     23    31    1     3     4     

bg   0     0     0     0     0     0     0     0     0     
     0     0     0     0     0     0     0     0     0     
     0     0     0     0     0     0     0     0     0     
     0     0     0     0     0     0     0     0     0     

B1   28    27    8     45    47    14    19    19    7     
     28    27    8     45    47    14    19    19    7     
     28    27    8     45    47    14    20    19    7     
     28    27    8     45    47    14    20    19    7     

bg   0     0     0     0     0     0     0     0     0     
     0     0     0     0     0     0     0     0     0     
     0     0     0     0     0     0     0     0     0     
     0     0     0     0     0     0     0     0     0     

B2   19    45    30    27    103   70    11    35    27    
     19    45    30    27    103   69    11    35    27    
     19    45    30    27    103   69    11    35    27    
     19    45    30    27    103   69    11    35    27    

bg   0     0     0     0     0     0     0     0     0     
     0     0     0     0     0     0     0     0     0     
     0     0     0     0     0     0     0     0     0     
     0     0     0     0     0     0     0     0     0     

B3   4     24    34    5     56    88    4     25    40    
     4     24    34    6     56    88    4     25    40    
     4     24    34    5     56    88    4     25    40    
     4     24    34    6     56    88    4     25    40    

bg   0     0     0     0     0     0     0     0     0     
     0     0     0     0     0     0     0     0     0     
     0     0     0     0     0     0     0     0     0     
     0     0     0     0     0     0     0     0     0     

C1   3     3     2     17    18    8     71    69    19    
     3     3     2     17    18    8     71    69    19    
     3     3     2     17    18    8     70    69    19    
     3     3     2     17    18    8     70    68    19    

bg   0     0     0     0     0     0     0     0     0     
     0     0     0     0     0     0     0     0     0     
     0     0     0     0     0     0     0     0     0     
     0     0     0     0     0     0     0     0     0     

C2   2     4     3     13    39    31    46    121   72    
     2     4     3     13    39    31    46    120   72    
     2     4     3     13    39    31    46    120   72    
     2     4     3     13    39    31    46    120   72    

bg   0     0     0     0     0     0     0     0     0     
     0     0     0     0     0     0     0     0     0     
     0     0     0     0     0     0     0     0     0     
     0     0     0     0     0     0     0     0     0     

C3   1     3     4     3     22    35    6     54    87    
     1     3     4     3     22    35    6     54    87    
     1     3     4     3     22    35    6     54    86    
     1     3     4     3     22    35    6     54    86    

bg   0     0     0     0     0     0     0     0     0     
     0     0     0     0     0     0     0     0     0     
     0     0     0     0     0     0     0     0     0     
     0     0     0     0     0     0     0     0     0     


Trial #2-------------------------

     A1    A2    A3    B1    B2    B3    C1    C2    C3    

A1   76    72    19    28    29    9     4     3     2     
     76    71    19    28    28    9     4     3     2     
     76    71    19    28    28    9     4     3     2     
     76    71    19    28    28    8     4     3     2     

bg   0     0     0     0     0     0     0     0     0     
     0     0     0     0     0     0     0     0     0     
     0     0     0     0     0     0     0     0     0     
     0     0     0     0     0     0     0     0     0     

A2   46    114   70    19    47    29    3     4     4     
     46    114   70    19    47    29    3     4     4     
     46    114   70    18    47    29    3     4     4     
     46    114   70    18    47    29    3     4     4     

bg   0     0     0     0     0     0     0     0     0     
     0     0     0     0     0     0     0     0     0     
     0     0     0     0     0     0     0     0     0     
     0     0     0     0     0     0     0     0     0     

A3   7     52    85    3     23    32    1     3     4     
     7     52    85    3     23    32    1     3     4     
     7     52    85    3     23    31    1     3     4     
     7     52    85    3     23    31    1     3     4     

bg   0     0     0     0     0     0     0     0     0     
     0     0     0     0     0     0     0     0     0     
     0     0     0     0     0     0     0     0     0     
     0     0     0     0     0     0     0     0     0     

B1   28    26    8     45    47    14    19    19    7     
     28    26    8     45    46    14    19    19    7     
     28    26    8     45    46    14    19    19    7     
     28    26    8     45    46    14    19    19    6     

bg   0     0     0     0     0     0     0     0     0     
     0     0     0     0     0     0     0     0     0     
     0     0     0     0     0     0     0     0     0     
     0     0     0     0     0     0     0     0     0     

B2   19    45    30    27    103   69    11    35    27    
     19    45    30    27    103   69    11    35    27    
     19    45    30    27    102   69    11    35    27    
     19    45    30    27    102   69    11    35    27    

bg   0     0     0     0     0     0     0     0     0     
     0     0     0     0     0     0     0     0     0     
     0     0     0     0     0     0     0     0     0     
     0     0     0     0     0     0     0     0     0     

B3   4     24    34    5     56    88    4     25    40    
     4     24    34    6     56    88    4     25    40    
     4     24    34    6     56    88    4     25    40    
     4     24    34    6     56    87    4     25    40    

bg   0     0     0     0     0     0     0     0     0     
     0     0     0     0     0     0     0     0     0     
     0     0     0     0     0     0     0     0     0     
     0     0     0     0     0     0     0     0     0     

C1   3     3     2     17    18    8     70    69    19    
     3     3     2     17    18    8     70    69    19    
     3     3     2     17    18    8     70    68    19    
     3     3     2     17    18    8     70    68    19    

bg   0     0     0     0     0     0     0     0     0     
     0     0     0     0     0     0     0     0     0     
     0     0     0     0     0     0     0     0     0     
     0     0     0     0     0     0     0     0     0     

C2   2     4     3     13    38    30    46    120   72    
     2     4     3     13    38    30    45    119   72    
     2     4     3     13    38    30    45    119   72    
     2     4     3     13    38    31    45    119   71    

bg   0     0     0     0     0     0     0     0     0     
     0     0     0     0     0     0     0     0     0     
     0     0     0     0     0     0     0     0     0     
     0     0     0     0     0     0     0     0     0     

C3   1     3     4     3     21    35    6     53    86    
     1     3     4     3     21    35    6     53    86    
     1     3     4     3     22    35    6     53    86    
     1     3     4     3     22    35    6     53    86    

bg   0     0     0     0     0     0     0     0     0     
     0     0     0     0     0     0     0     0     0     
     0     0     0     0     0     0     0     0     0     
     0     0     0     0     0     0     0     0     0     


Trial #3-------------------------

     A1    A2    A3    B1    B2    B3    C1    C2    C3    

A1   77    72    19    28    29    9     4     3     2     
     77    72    19    28    29    9     4     3     2     
     77    72    19    28    29    9     4     3     2     
     76    71    19    28    29    9     4     3     2     

bg   0     0     0     0     0     0     0     0     0     
     0     0     0     0     0     0     0     0     0     
     0     0     0     0     0     0     0     0     0     
     0     0     0     0     0     0     0     0     0     

A2   47    115   70    19    47    29    3     4     4     
     47    115   70    19    47    29    3     4     4     
     47    115   70    19    47    29    3     4     4     
     47    114   70    19    47    29    3     4     4     

bg   0     0     0     0     0     0     0     0     0     
     0     0     0     0     0     0     0     0     0     
     0     0     0     0     0     0     0     0     0     
     0     0     0     0     0     0     0     0     0     

A3   7     52    85    3     23    32    1     3     4     
     7     52    85    3     23    32    1     3     4     
     7     52    85    3     23    32    1     3     4     
     7     52    85    3     23    31    1     3     4     

bg   0     0     0     0     0     0     0     0     0     
     0     0     0     0     0     0     0     0     0     
     0     0     0     0     0     0     0     0     0     
     0     0     0     0     0     0     0     0     0     

B1   28    26    8     45    47    14    19    19    7     
     28    26    8     45    46    14    19    19    7     
     28    26    8     45    46    14    19    19    7     
     28    26    8     45    46    14    19    19    6     

bg   0     0     0     0     0     0     0     0     0     
     0     0     0     0     0     0     0     0     0     
     0     0     0     0     0     0     0     0     0     
     0     0     0     0     0     0     0     0     0     

B2   19    45    30    27    103   69    11    35    27    
     19    45    30    27    103   69    11    35    27    
     19    45    30    27    103   69    11    35    27    
     19    45    30    27    102   69    11    35    27    

bg   0     0     0     0     0     0     0     0     0     
     0     0     0     0     0     0     0     0     0     
     0     0     0     0     0     0     0     0     0     
     0     0     0     0     0     0     0     0     0     

B3   4     23    34    5     56    87    4     25    39    
     4     23    34    6     56    87    4     25    39    
     4     23    34    6     56    87    4     25    39    
     4     24    34    6     56    87    4     25    39    

bg   0     0     0     0     0     0     0     0     0     
     0     0     0     0     0     0     0     0     0     
     0     0     0     0     0     0     0     0     0     
     0     0     0     0     0     0     0     0     0     

C1   3     3     2     17    18    8     71    69    19    
     3     3     2     17    18    8     71    69    19    
     3     3     2     17    18    8     71    69    19    
     3     3     2     17    18    8     71    69    19    

bg   0     0     0     0     0     0     0     0     0     
     0     0     0     0     0     0     0     0     0     
     0     0     0     0     0     0     0     0     0     
     0     0     0     0     0     0     0     0     0     

C2   2     4     3     13    38    31    46    120   72    
     2     4     3     13    38    31    46    120   72    
     2     4     3     13    38    31    46    120   72    
     2     4     3     13    38    31    46    119   72    

bg   0     0     0     0     0     0     0     0     0     
     0     0     0     0     0     0     0     0     0     
     0     0     0     0     0     0     0     0     0     
     0     0     0     0     0     0     0     0     0     

C3   1     3     4     3     22    35    6     53    86    
     1     3     4     3     22    35    6     53    87    
     1     3     4     3     22    35    6     53    87    
     1     3     4     3     22    35    6     53    87    

bg   0     0     0     0     0     0     0     0     0     
     0     0     0     0     0     0     0     0     0     
     0     0     0     0     0     0     0     0     0     
     0     0     0     0     0     0     0     0     0     


Trial #4-------------------------

     A1    A2    A3    B1    B2    B3    C1    C2    C3    

A1   77    72    19    28    29    9     4     3     2     
     77    72    19    28    29    9     4     3     2     
     76    72    19    28    29    9     4     3     2     
     76    71    19    28    28    9     4     3     2     

bg   0     0     0     0     0     0     0     0     0     
     0     0     0     0     0     0     0     0     0     
     0     0     0     0     0     0     0     0     0     
     0     0     0     0     0     0     0     0     0     

A2   46    114   70    18    47    29    3     4     4     
     46    114   70    18    47    29    3     4     4     
     46    114   70    18    47    29    3     4     4     
     46    114   69    18    46    29    3     4     4     

bg   0     0     0     0     0     0     0     0     0     
     0     0     0     0     0     0     0     0     0     
     0     0     0     0     0     0     0     0     0     
     0     0     0     0     0     0     0     0     0     

A3   7     52    85    3     23    32    1     3     4     
     7     52    85    3     23    31    1     3     4     
     7     52    85    3     23    31    1     3     4     
     7     52    84    3     23    31    1     3     4     

bg   0     0     0     0     0     0     0     0     0     
     0     0     0     0     0     0     0     0     0     
     0     0     0     0     0     0     0     0     0     
     0     0     0     0     0     0     0     0     0     

B1   28    26    8     45    47    14    19    19    7     
     28    26    8     45    46    14    19    19    7     
     28    26    8     45    46    14    19    19    7     
     28    26    8     45    46    14    19    19    7     

bg   0     0     0     0     0     0     0     0     0     
     0     0     0     0     0     0     0     0     0     
     0     0     0     0     0     0     0     0     0     
     0     0     0     0     0     0     0     0     0     

B2   19    45    30    27    103   69    11    35    27    
     19    45    30    27    102   69    11    35    27    
     19    45    30    27    102   69    11    35    27    
     19    45    30    27    102   69    11    35    27    

bg   0     0     0     0     0     0     0     0     0     
     0     0     0     0     0     0     0     0     0     
     0     0     0     0     0     0     0     0     0     
     0     0     0     0     0     0     0     0     0     

B3   4     24    34    6     56    87    4     25    40    
     4     24    34    6     56    87    4     25    39    
     4     23    34    5     56    87    4     25    39    
     4     24    34    5     56    87    4     25    40    

bg   0     0     0     0     0     0     0     0     0     
     0     0     0     0     0     0     0     0     0     
     0     0     0     0     0     0     0     0     0     
     0     0     0     0     0     0     0     0     0     

C1   3     3     2     18    19    9     72    69    19    
     3     3     2     18    18    9     71    69    19    
     3     3     2     18    18    9     71    69    19    
     3     3     2     17    18    8     71    69    19    

bg   0     0     0     0     0     0     0     0     0     
     0     0     0     0     0     0     0     0     0     
     0     0     0     0     0     0     0     0     0     
     0     0     0     0     0     0     0     0     0     

C2   2     4     3     13    39    31    46    120   72    
     2     4     3     13    39    31    46    120   72    
     2     4     3     13    39    31    46    120   72    
     2     4     3     13    39    31    46    120   72    

bg   0     0     0     0     0     0     0     0     0     
     0     0     0     0     0     0     0     0     0     
     0     0     0     0     0     0     0     0     0     
     0     0     0     0     0     0     0     0     0     

C3   1     3     4     3     22    35    6     54    87    
     1     3     4     3     22    35    6     54    87    
     1     3     4     3     22    35    6     54    87    
     1     3     4     3     22    35    6     54    86    

bg   0     0     0     0     0     0     0     0     0     
     0     0     0     0     0     0     0     0     0     
     0     0     0     0     0     0     0     0     0     
     0     0     0     0     0     0     0     0     0     


