Trial #1-------------------------

     A1    A2    A3    B1    B2    B3    C1    C2    C3    

A1   77    72    19    28    28    8     4     3     2     
     77    72    19    28    28    8     4     3     2     
     77    71    18    28    28    8     4     3     2     
     76    71    18    28    28    8     4     3     2     

bg   0     0     0     0     0     0     0     0     0     
     0     0     0     0     0     0     0     0     0     
     0     0     0     0     0     0     0     0     0     
     0     0     0     0     0     0     0     0     0     

A2   46    114   70    18    45    29    2     4     3     
     46    113   70    18    45    29    2     4     3     
     46    113   69    18    45    29    2     4     3     
     46    113   69    18    45    29    2     4     3     

bg   0     0     0     0     0     0     0     0     0     
     0     0     0     0     0     0     0     0     0     
     0     0     0     0     0     0     0     0     0     
     0     0     0     0     0     0     0     0     0     

A3   7     52    85    3     23    32    1     3     4     
     7     52    85    3     23    32    1     3     4     
     7     52    85    3     23    31    1     2     4     
     7     52    85    3     23    31    1     2     4     

bg   0     0     0     0     0     0     0     0     0     
     0     0     0     0     0     0     0     0     0     
     0     0     0     0     0     0     0     0     0     
     0     0     0     0     0     0     0     0     0     

B1   28    26    7     45    40    12    19    17    5     
     28    26    7     45    40    12    19    17    5     
     27    26    7     45    40    12    19    17    5     
     27    26    7     45    40    12    19    17    5     

bg   0     0     0     0     0     0     0     0     0     
     0     0     0     0     0     0     0     0     0     
     0     0     0     0     0     0     0     0     0     
     0     0     0     0     0     0     0     0     0     

B2   18    44    29    24    86    64    9     28    24    
     18    44    29    24    85    64    9     27    24    
     18    44    29    24    85    63    9     27    24    
     18    44    29    24    84    63    9     27    24    

bg   0     0     0     0     0     0     0     0     0     
     0     0     0     0     0     0     0     0     0     
     0     0     0     0     0     0     0     0     0     
     0     0     0     0     0     0     0     0     0     

B3   3     23    33    4     51    85    3     23    38    
     3     23    33    4     51    85    3     23    38    
     3     23    34    4     51    85    3     23    38    
     3     23    34    4     51    85    3     23    38    

bg   0     0     0     0     0     0     0     0     0     
     0     0     0     0     0     0     0     0     0     
     0     0     0     0     0     0     0     0     0     
     0     0     0     0     0     0     0     0     0     

C1   3     3     2     17    16    7     70    67    18    
     3     3     2     17    16    7     70    67    18    
     3     3     2     17    16    7     71    67    18    
     3     3     2     18    16    7     71    67    18    

bg   0     0     0     0     0     0     0     0     0     
     0     0     0     0     0     0     0     0     0     
     0     0     0     0     0     0     0     0     0     
     0     0     0     0     0     0     0     0     0     

C2   2     4     3     11    30    27    44    113   69    
     2     4     3     11    30    27    44    113   69    
     2     4     3     11    30    27    44    113   69    
     2     4     3     11    30    27    44    113   69    

bg   0     0     0     0     0     0     0     0     0     
     0     0     0     0     0     0     0     0     0     
     0     0     0     0     0     0     0     0     0     
     0     0     0     0     0     0     0     0     0     

C3   1     3     4     2     20    35    5     53    86    
     1     3     4     2     21    35    5     53    87    
     1     3     4     2     21    35    5     53    86    
     1     3     4     2     21    35    5     53    86    

bg   0     0     0     0     0     0     0     0     0     
     0     0     0     0     0     0     0     0     0     
     0     0     0     0     0     0     0     0     0     
     0     0     0     0     0     0     0     0     0     


Trial #2-------------------------

     A1    A2    A3    B1    B2    B3    C1    C2    C3    

A1   77    72    19    28    28    8     4     3     2     
     77    72    19    28    28    8     4     3     2     
     76    71    19    28    28    8     4     3     2     
     76    71    19    28    28    8     4     3     2     

bg   0     0     0     0     0     0     0     0     0     
     0     0     0     0     0     0     0     0     0     
     0     0     0     0     0     0     0     0     0     
     0     0     0     0     0     0     0     0     0     

A2   46    114   70    18    45    29    2     4     3     
     46    114   70    18    45    29    2     4     3     
     46    114   70    18    45    29    2     4     3     
     46    114   70    18    45    29    2     4     3     

bg   0     0     0     0     0     0     0     0     0     
     0     0     0     0     0     0     0     0     0     
     0     0     0     0     0     0     0     0     0     
     0     0     0     0     0     0     0     0     0     

A3   7     52    85    3     23    31    1     2     4     
     7     52    85    3     23    31    1     2     4     
     7     52    84    3     23    31    1     2     4     
     7     52    84    3     23    31    1     2     4     

bg   0     0     0     0     0     0     0     0     0     
     0     0     0     0     0     0     0     0     0     
     0     0     0     0     0     0     0     0     0     
     0     0     0     0     0     0     0     0     0     

B1   28    26    7     45    40    12    19    17    5     
     28    26    7     45    40    12    19    17    5     
     28    26    7     45    40    12    19    17    5     
     28    26    7     45    40    12    19    17    5     

bg   0     0     0     0     0     0     0     0     0     
     0     0     0     0     0     0     0     0     0     
     0     0     0     0     0     0     0     0     0     
     0     0     0     0     0     0     0     0     0     

B2   18    44    29    24    86    64    9     27    24    
     18    44    29    24    85    64    9     27    24    
     18    44    29    24    85    64    9     27    24    
     18    44    29    24    85    63    9     27    24    

bg   0     0     0     0     0     0     0     0     0     
     0     0     0     0     0     0     0     0     0     
     0     0     0     0     0     0     0     0     0     
     0     0     0     0     0     0     0     0     0     

B3   3     23    34    4     51    86    3     23    38    
     3     23    34    4     51    86    3     23    39    
     3     23    34    4     51    86    3     23    39    
     3     23    34    4     51    86    3     23    39    

bg   0     0     0     0     0     0     0     0     0     
     0     0     0     0     0     0     0     0     0     
     0     0     0     0     0     0     0     0     0     
     0     0     0     0     0     0     0     0     0     

C1   3     3     2     18    16    7     71    67    18    
     3     3     2     17    16    7     71    67    18    
     3     3     2     17    16    7     71    67    18    
     3     3     2     17    16    7     71    67    18    

bg   0     0     0     0     0     0     0     0     0     
     0     0     0     0     0     0     0     0     0     
     0     0     0     0     0     0     0     0     0     
     0     0     0     0     0     0     0     0     0     

C2   2     4     3     11    30    27    44    114   69    
     2     4     3     11    30    27    44    114   69    
     2     4     3     11    30    27    44    113   69    
     2     4     3     11    30    27    44    113   69    

bg   0     0     0     0     0     0     0     0     0     
     0     0     0     0     0     0     0     0     0     
     0     0     0     0     0     0     0     0     0     
     0     0     0     0     0     0     0     0     0     

C3   1     3     4     2     21    35    5     53    87    
     1     3     4     2     21    35    5     53    86    
     1     3     4     2     21    35    5     53    86    
     1     3     4     2     21    35    5     53    86    

bg   0     0     0     0     0     0     0     0     0     
     0     0     0     0     0     0     0     0     0     
     0     0     0     0     0     0     0     0     0     
     0     0     0     0     0     0     0     0     0     


Trial #3-------------------------

     A1    A2    A3    B1    B2    B3    C1    C2    C3    

A1   77    72    19    28    28    8     4     3     2     
     76    72    19    28    28    8     4     3     2     
     76    72    19    28    28    8     4     3     2     
     76    71    19    28    28    8     4     3     2     

bg   0     0     0     0     0     0     0     0     0     
     0     0     0     0     0     0     0     0     0     
     0     0     0     0     0     0     0     0     0     
     0     0     0     0     0     0     0     0     0     

A2   46    114   70    18    45    29    3     4     3     
     46    114   70    18    45    29    3     4     3     
     46    114   70    18    45    29    3     4     3     
     46    114   70    18    45    29    3     4     3     

bg   0     0     0     0     0     0     0     0     0     
     0     0     0     0     0     0     0     0     0     
     0     0     0     0     0     0     0     0     0     
     0     0     0     0     0     0     0     0     0     

A3   7     52    84    3     23    31    1     2     4     
     7     52    84    3     22    31    1     2     4     
     7     52    84    3     23    31    1     2     4     
     7     52    84    3     23    31    1     2     4     

bg   0     0     0     0     0     0     0     0     0     
     0     0     0     0     0     0     0     0     0     
     0     0     0     0     0     0     0     0     0     
     0     0     0     0     0     0     0     0     0     

B1   28    26    7     46    41    12    19    17    5     
     28    26    7     46    41    12    19    17    5     
     28    26    7     46    41    12    19    17    5     
     28    26    7     45    40    12    19    17    5     

bg   0     0     0     0     0     0     0     0     0     
     0     0     0     0     0     0     0     0     0     
     0     0     0     0     0     0     0     0     0     
     0     0     0     0     0     0     0     0     0     

B2   18    44    29    24    86    64    9     27    24    
     18    44    29    24    86    64    9     27    24    
     18    44    29    24    86    64    9     27    24    
     18    44    29    24    85    64    9     27    24    

bg   0     0     0     0     0     0     0     0     0     
     0     0     0     0     0     0     0     0     0     
     0     0     0     0     0     0     0     0     0     
     0     0     0     0     0     0     0     0     0     

B3   3     23    34    4     51    86    3     23    39    
     3     23    34    4     51    86    3     23    39    
     3     23    34    4     51    86    3     23    39    
     3     23    34    4     51    86    3     23    39    

bg   0     0     0     0     0     0     0     0     0     
     0     0     0     0     0     0     0     0     0     
     0     0     0     0     0     0     0     0     0     
     0     0     0     0     0     0     0     0     0     

C1   3     3     2     18    16    7     71    67    18    
     3     3     2     18    16    7     71    67    18    
     3     3     2     17    16    7     71    67    18    
     3     3     2     17    16    7     70    67    18    

bg   0     0     0     0     0     0     0     0     0     
     0     0     0     0     0     0     0     0     0     
     0     0     0     0     0     0     0     0     0     
     0     0     0     0     0     0     0     0     0     

C2   2     4     3     11    30    27    44    114   69    
     2     4     3     11    30    27    44    114   69    
     2     4     3     11    30    27    44    114   69    
     2     4     3     11    30    27    44    114   69    

bg   0     0     0     0     0     0     0     0     0     
     0     0     0     0     0     0     0     0     0     
     0     0     0     0     0     0     0     0     0     
     0     0     0     0     0     0     0     0     0     

C3   1     3     4     2     21    35    5     53    86    
     1     3     4     2     21    35    5     53    86    
     1     3     4     2     21    35    5     53    86    
     1     3     4     2     21    34    5     53    85    

bg   0     0     0     0     0     0     0     0     0     
     0     0     0     0     0     0     0     0     0     
     0     0     0     0     0     0     0     0     0     
     0     0     0     0     0     0     0     0     0     


Trial #4-------------------------

     A1    A2    A3    B1    B2    B3    C1    C2    C3    

A1   77    72    19    28    28    8     4     3     2     
     77    72    19    28    28    8     4     3     2     
     76    72    19    28    28    8     4     3     2     
     76    71    19    28    28    8     4     3     2     

bg   0     0     0     0     0     0     0     0     0     
     0     0     0     0     0     0     0     0     0     
     0     0     0     0     0     0     0     0     0     
     0     0     0     0     0     0     0     0     0     

A2   47    115   70    18    45    29    3     4     3     
     47    114   70    18    45    29    3     4     3     
     47    114   70    18    45    29    3     4     3     
     47    114   70    18    45    29    3     4     3     

bg   0     0     0     0     0     0     0     0     0     
     0     0     0     0     0     0     0     0     0     
     0     0     0     0     0     0     0     0     0     
     0     0     0     0     0     0     0     0     0     

A3   7     52    85    3     22    31    1     2     4     
     7     52    85    3     23    31    1     2     4     
     7     52    85    3     23    31    1     2     4     
     7     52    85    3     23    31    1     2     4     

bg   0     0     0     0     0     0     0     0     0     
     0     0     0     0     0     0     0     0     0     
     0     0     0     0     0     0     0     0     0     
     0     0     0     0     0     0     0     0     0     

B1   28    26    7     45    40    12    19    17    5     
     28    26    7     45    40    12    19    17    5     
     28    26    7     45    40    12    19    17    5     
     28    26    7     45    40    12    19    17    5     

bg   0     0     0     0     0     0     0     0     0     
     0     0     0     0     0     0     0     0     0     
     0     0     0     0     0     0     0     0     0     
     0     0     0     0     0     0     0     0     0     

B2   18    44    29    24    85    64    9     27    24    
     18    44    29    24    85    63    9     27    24    
     18    44    29    24    85    63    9     27    24    
     18    44    29    24    85    63    9     27    24    

bg   0     0     0     0     0     0     0     0     0     
     0     0     0     0     0     0     0     0     0     
     0     0     0     0     0     0     0     0     0     
     0     0     0     0     0     0     0     0     0     

B3   3     23    34    4     51    85    3     23    38    
     3     23    34    4     51    85    3     23    38    
     3     23    34    4     51    85    3     23    38    
     3     23    34    4     51    85    3     23    38    

bg   0     0     0     0     0     0     0     0     0     
     0     0     0     0     0     0     0     0     0     
     0     0     0     0     0     0     0     0     0     
     0     0     0     0     0     0     0     0     0     

C1   3     3     2     17    16    7     70    67    18    
     3     3     2     17    16    7     70    67    18    
     3     3     2     17    16    7     70    66    18    
     3     3     2     17    16    7     70    66    18    

bg   0     0     0     0     0     0     0     0     0     
     0     0     0     0     0     0     0     0     0     
     0     0     0     0     0     0     0     0     0     
     0     0     0     0     0     0     0     0     0     

C2   2     4     3     11    30    27    44    114   69    
     2     4     3     11    30    27    44    114   69    
     2     4     3     11    30    27    44    113   69    
     2     4     3     11    30    27    44    113   69    

bg   0     0     0     0     0     0     0     0     0     
     0     0     0     0     0     0     0     0     0     
     0     0     0     0     0     0     0     0     0     
     0     0     0     0     0     0     0     0     0     

C3   1     3     4     2     21    34    5     53    86    
     1     3     4     2     21    34    5     53    86    
     1     3     4     2     21    35    5     53    86    
     1     3     4     2     21    35    5     53    86    

bg   0     0     0     0     0     0     0     0     0     
     0     0     0     0     0     0     0     0     0     
     0     0     0     0     0     0     0     0     0     
     0     0     0     0     0     0     0     0     0     


