Trial #1-------------------------

     A1    A2    A3    B1    B2    B3    C1    C2    C3    

A1   78    72    19    29    29    8     4     3     2     
     77    72    19    29    29    8     4     3     2     
     76    71    19    29    29    8     4     3     2     
     76    71    19    28    28    8     4     3     2     

bg   0     0     0     0     0     0     0     0     0     
     0     0     0     0     0     0     0     0     0     
     0     0     0     0     0     0     0     0     0     
     0     0     0     0     0     0     0     0     0     

A2   46    113   69    18    45    28    3     4     3     
     46    113   69    19    45    28    3     4     3     
     46    113   69    18    45    28    3     4     3     
     46    113   69    18    45    28    3     4     3     

bg   0     0     0     0     0     0     0     0     0     
     0     0     0     0     0     0     0     0     0     
     0     0     0     0     0     0     0     0     0     
     0     0     0     0     0     0     0     0     0     

A3   7     52    85    3     22    31    1     2     4     
     7     52    84    3     22    31    1     2     4     
     7     52    84    3     22    31    1     2     4     
     7     52    84    3     22    31    1     2     4     

bg   0     0     0     0     0     0     0     0     0     
     0     0     0     0     0     0     0     0     0     
     0     0     0     0     0     0     0     0     0     
     0     0     0     0     0     0     0     0     0     

B1   28    26    7     48    44    12    21    19    6     
     28    26    7     48    44    12    21    19    6     
     28    26    7     48    44    12    21    19    6     
     28    26    7     48    44    12    21    19    6     

bg   0     0     0     0     0     0     0     0     0     
     0     0     0     0     0     0     0     0     0     
     0     0     0     0     0     0     0     0     0     
     0     0     0     0     0     0     0     0     0     

B2   18    44    28    28    83    60    11    27    22    
     18    43    28    28    83    60    11    27    22    
     18    43    28    28    83    60    11    27    22    
     18    43    28    28    83    60    11    27    22    

bg   0     0     0     0     0     0     0     0     0     
     0     0     0     0     0     0     0     0     0     
     0     0     0     0     0     0     0     0     0     
     0     0     0     0     0     0     0     0     0     

B3   3     23    33    4     46    82    3     21    37    
     3     23    33    4     46    82    3     21    37    
     3     23    33    4     46    82    3     21    37    
     3     23    33    4     46    82    3     21    37    

bg   0     0     0     0     0     0     0     0     0     
     0     0     0     0     0     0     0     0     0     
     0     0     0     0     0     0     0     0     0     
     0     0     0     0     0     0     0     0     0     

C1   3     3     2     19    18    8     73    69    18    
     3     3     2     20    18    8     73    69    18    
     3     3     2     20    18    8     73    69    18    
     3     3     2     20    18    8     73    69    18    

bg   0     0     0     0     0     0     0     0     0     
     0     0     0     0     0     0     0     0     0     
     0     0     0     0     0     0     0     0     0     
     0     0     0     0     0     0     0     0     0     

C2   2     3     3     13    29    25    45    112   67    
     2     3     3     13    29    25    45    112   67    
     2     3     3     13    29    25    46    112   67    
     2     3     3     13    29    25    46    112   67    

bg   0     0     0     0     0     0     0     0     0     
     0     0     0     0     0     0     0     0     0     
     0     0     0     0     0     0     0     0     0     
     0     0     0     0     0     0     0     0     0     

C3   1     3     4     2     19    34    5     51    85    
     1     3     4     2     19    34    5     51    85    
     1     3     4     2     19    34    5     51    85    
     1     3     4     2     19    34    5     51    85    

bg   0     0     0     0     0     0     0     0     0     
     0     0     0     0     0     0     0     0     0     
     0     0     0     0     0     0     0     0     0     
     0     0     0     0     0     0     0     0     0     


Trial #2-------------------------

     A1    A2    A3    B1    B2    B3    C1    C2    C3    

A1   77    72    19    29    29    8     4     3     2     
     76    72    19    28    29    8     4     3     2     
     76    71    19    28    28    8     4     3     2     
     76    71    19    28    28    8     4     3     2     

bg   0     0     0     0     0     0     0     0     0     
     0     0     0     0     0     0     0     0     0     
     0     0     0     0     0     0     0     0     0     
     0     0     0     0     0     0     0     0     0     

A2   46    113   69    19    45    29    3     4     3     
     46    113   69    19    45    29    3     4     3     
     46    113   69    18    45    29    3     4     3     
     46    113   69    18    45    29    3     4     3     

bg   0     0     0     0     0     0     0     0     0     
     0     0     0     0     0     0     0     0     0     
     0     0     0     0     0     0     0     0     0     
     0     0     0     0     0     0     0     0     0     

A3   7     52    84    3     23    31    1     2     4     
     7     52    84    3     23    31    1     2     4     
     7     52    84    3     23    31    1     2     4     
     7     52    84    3     23    31    1     2     4     

bg   0     0     0     0     0     0     0     0     0     
     0     0     0     0     0     0     0     0     0     
     0     0     0     0     0     0     0     0     0     
     0     0     0     0     0     0     0     0     0     

B1   28    26    7     49    45    12    21    19    6     
     28    26    7     49    44    12    21    19    6     
     28    26    7     49    44    12    21    19    6     
     28    26    7     49    44    12    21    19    6     

bg   0     0     0     0     0     0     0     0     0     
     0     0     0     0     0     0     0     0     0     
     0     0     0     0     0     0     0     0     0     
     0     0     0     0     0     0     0     0     0     

B2   18    44    28    28    84    60    11    27    22    
     18    44    28    28    83    60    11    27    22    
     18    44    28    28    83    60    11    27    22    
     18    44    28    28    83    60    11    27    22    

bg   0     0     0     0     0     0     0     0     0     
     0     0     0     0     0     0     0     0     0     
     0     0     0     0     0     0     0     0     0     
     0     0     0     0     0     0     0     0     0     

B3   3     23    33    4     46    82    3     21    37    
     3     23    33    4     46    82    3     21    37    
     3     23    33    4     46    82    3     21    37    
     3     23    33    4     46    82    3     21    37    

bg   0     0     0     0     0     0     0     0     0     
     0     0     0     0     0     0     0     0     0     
     0     0     0     0     0     0     0     0     0     
     0     0     0     0     0     0     0     0     0     

C1   3     3     2     19    18    7     72    68    18    
     3     3     2     19    18    7     72    68    18    
     3     3     2     19    18    7     71    68    18    
     3     3     2     19    18    7     71    68    18    

bg   0     0     0     0     0     0     0     0     0     
     0     0     0     0     0     0     0     0     0     
     0     0     0     0     0     0     0     0     0     
     0     0     0     0     0     0     0     0     0     

C2   2     3     3     13    29    25    46    112   67    
     2     3     3     13    29    25    46    112   67    
     2     3     3     13    29    25    46    112   67    
     2     3     3     13    29    25    46    112   67    

bg   0     0     0     0     0     0     0     0     0     
     0     0     0     0     0     0     0     0     0     
     0     0     0     0     0     0     0     0     0     
     0     0     0     0     0     0     0     0     0     

C3   1     3     4     2     19    34    5     52    85    
     1     3     4     2     19    33    5     52    85    
     1     3     4     2     19    33    5     52    84    
     1     3     4     2     19    33    5     52    84    

bg   0     0     0     0     0     0     0     0     0     
     0     0     0     0     0     0     0     0     0     
     0     0     0     0     0     0     0     0     0     
     0     0     0     0     0     0     0     0     0     


Trial #3-------------------------

     A1    A2    A3    B1    B2    B3    C1    C2    C3    

A1   76    71    19    28    28    8     4     3     2     
     76    71    19    28    28    8     4     3     2     
     76    71    19    28    28    8     4     3     2     
     76    71    18    28    28    8     4     3     2     

bg   0     0     0     0     0     0     0     0     0     
     0     0     0     0     0     0     0     0     0     
     0     0     0     0     0     0     0     0     0     
     0     0     0     0     0     0     0     0     0     

A2   46    114   70    19    45    29    3     4     3     
     46    114   70    19    45    29    3     4     3     
     46    114   70    19    45    29    3     4     3     
     46    113   70    18    45    29    3     4     3     

bg   0     0     0     0     0     0     0     0     0     
     0     0     0     0     0     0     0     0     0     
     0     0     0     0     0     0     0     0     0     
     0     0     0     0     0     0     0     0     0     

A3   7     52    84    3     23    31    1     2     4     
     7     52    84    3     23    31    1     2     4     
     7     52    85    3     23    31    1     2     4     
     7     52    85    3     23    31    1     2     4     

bg   0     0     0     0     0     0     0     0     0     
     0     0     0     0     0     0     0     0     0     
     0     0     0     0     0     0     0     0     0     
     0     0     0     0     0     0     0     0     0     

B1   28    27    7     49    45    12    21    19    6     
     28    27    7     49    45    12    21    19    6     
     28    27    7     49    45    12    21    19    6     
     28    26    7     49    44    12    21    19    6     

bg   0     0     0     0     0     0     0     0     0     
     0     0     0     0     0     0     0     0     0     
     0     0     0     0     0     0     0     0     0     
     0     0     0     0     0     0     0     0     0     

B2   18    44    28    29    84    60    11    27    22    
     18    44    28    29    84    60    11    27    22    
     18    44    28    29    84    60    11    27    22    
     18    44    28    28    83    60    11    27    22    

bg   0     0     0     0     0     0     0     0     0     
     0     0     0     0     0     0     0     0     0     
     0     0     0     0     0     0     0     0     0     
     0     0     0     0     0     0     0     0     0     

B3   3     22    33    4     46    82    3     20    37    
     3     22    33    4     46    82    3     20    37    
     3     22    33    4     46    82    3     20    37    
     3     22    33    4     46    81    3     20    36    

bg   0     0     0     0     0     0     0     0     0     
     0     0     0     0     0     0     0     0     0     
     0     0     0     0     0     0     0     0     0     
     0     0     0     0     0     0     0     0     0     

C1   3     3     2     19    18    8     72    68    18    
     3     3     2     19    18    8     71    68    18    
     3     3     2     19    18    7     71    68    18    
     3     3     2     19    18    8     71    68    18    

bg   0     0     0     0     0     0     0     0     0     
     0     0     0     0     0     0     0     0     0     
     0     0     0     0     0     0     0     0     0     
     0     0     0     0     0     0     0     0     0     

C2   2     4     3     13    29    25    46    113   68    
     2     4     3     13    29    25    46    113   68    
     2     4     3     13    29    25    46    112   68    
     2     4     3     13    29    25    46    112   68    

bg   0     0     0     0     0     0     0     0     0     
     0     0     0     0     0     0     0     0     0     
     0     0     0     0     0     0     0     0     0     
     0     0     0     0     0     0     0     0     0     

C3   1     3     4     2     19    33    5     51    84    
     1     3     4     2     19    33    5     51    84    
     1     3     4     2     19    33    5     51    84    
     1     3     4     2     19    33    5     51    84    

bg   0     0     0     0     0     0     0     0     0     
     0     0     0     0     0     0     0     0     0     
     0     0     0     0     0     0     0     0     0     
     0     0     0     0     0     0     0     0     0     


Trial #4-------------------------

     A1    A2    A3    B1    B2    B3    C1    C2    C3    

A1   77    72    19    29    29    8     4     3     2     
     76    71    19    29    29    8     4     3     2     
     76    71    19    28    28    8     4     3     2     
     76    71    19    28    28    8     4     3     2     

bg   0     0     0     0     0     0     0     0     0     
     0     0     0     0     0     0     0     0     0     
     0     0     0     0     0     0     0     0     0     
     0     0     0     0     0     0     0     0     0     

A2   46    114   70    19    45    29    3     4     3     
     46    114   70    19    45    29    3     4     3     
     46    114   70    19    45    29    3     4     3     
     46    114   69    19    45    29    3     4     3     

bg   0     0     0     0     0     0     0     0     0     
     0     0     0     0     0     0     0     0     0     
     0     0     0     0     0     0     0     0     0     
     0     0     0     0     0     0     0     0     0     

A3   7     52    85    3     22    31    1     2     4     
     7     52    85    3     22    31    1     2     4     
     7     52    85    3     22    31    1     2     4     
     7     52    84    3     22    31    1     2     4     

bg   0     0     0     0     0     0     0     0     0     
     0     0     0     0     0     0     0     0     0     
     0     0     0     0     0     0     0     0     0     
     0     0     0     0     0     0     0     0     0     

B1   28    27    7     49    45    12    21    19    6     
     28    27    7     49    45    12    21    19    6     
     28    27    7     49    45    12    21    19    6     
     28    27    7     49    45    12    21    19    6     

bg   0     0     0     0     0     0     0     0     0     
     0     0     0     0     0     0     0     0     0     
     0     0     0     0     0     0     0     0     0     
     0     0     0     0     0     0     0     0     0     

B2   19    44    28    29    84    60    11    27    22    
     19    44    29    29    84    60    11    27    22    
     19    44    28    29    84    60    11    27    22    
     19    44    29    29    84    60    11    27    22    

bg   0     0     0     0     0     0     0     0     0     
     0     0     0     0     0     0     0     0     0     
     0     0     0     0     0     0     0     0     0     
     0     0     0     0     0     0     0     0     0     

B3   3     22    33    4     46    82    3     21    37    
     3     23    33    4     46    81    3     21    37    
     3     23    33    4     46    81    3     21    36    
     3     23    33    4     46    81    3     21    36    

bg   0     0     0     0     0     0     0     0     0     
     0     0     0     0     0     0     0     0     0     
     0     0     0     0     0     0     0     0     0     
     0     0     0     0     0     0     0     0     0     

C1   3     3     2     19    18    8     72    68    18    
     3     3     2     19    18    8     72    68    18    
     3     3     2     19    18    8     72    68    18    
     3     3     2     19    18    8     72    68    18    

bg   0     0     0     0     0     0     0     0     0     
     0     0     0     0     0     0     0     0     0     
     0     0     0     0     0     0     0     0     0     
     0     0     0     0     0     0     0     0     0     

C2   2     4     3     13    29    26    46    113   68    
     2     4     3     13    29    25    46    113   68    
     2     4     3     13    29    25    46    113   68    
     2     4     3     13    29    25    46    113   68    

bg   0     0     0     0     0     0     0     0     0     
     0     0     0     0     0     0     0     0     0     
     0     0     0     0     0     0     0     0     0     
     0     0     0     0     0     0     0     0     0     

C3   1     3     4     2     19    33    5     51    85    
     1     3     4     2     19    34    5     51    85    
     1     3     4     2     19    34    5     51    85    
     1     3     4     2     19    34    5     51    85    

bg   0     0     0     0     0     0     0     0     0     
     0     0     0     0     0     0     0     0     0     
     0     0     0     0     0     0     0     0     0     
     0     0     0     0     0     0     0     0     0     


