Trial #1-------------------------

     A1    A2    A3    B1    B2    B3    C1    C2    C3    

A1   77    72    19    29    30    9     4     3     2     
     77    72    19    29    30    9     4     3     2     
     77    72    19    29    30    9     4     3     2     
     78    72    19    29    30    9     4     3     2     

bg   0     0     0     0     0     0     0     0     0     
     0     0     0     0     0     0     0     0     0     
     0     0     0     0     0     0     0     0     0     
     0     0     0     0     0     0     0     0     0     

A2   46    115   70    19    47    30    3     4     4     
     46    115   70    19    47    30    3     4     4     
     46    114   70    19    47    30    3     4     4     
     47    114   70    19    47    29    3     4     4     

bg   0     0     0     0     0     0     0     0     0     
     0     0     0     0     0     0     0     0     0     
     0     0     0     0     0     0     0     0     0     
     0     0     0     0     0     0     0     0     0     

A3   7     52    86    3     23    32    1     3     4     
     7     52    86    3     23    32    1     3     4     
     7     52    86    3     23    32    1     3     4     
     7     52    86    3     23    32    1     3     4     

bg   0     0     0     0     0     0     0     0     0     
     0     0     0     0     0     0     0     0     0     
     0     0     0     0     0     0     0     0     0     
     0     0     0     0     0     0     0     0     0     

B1   29    28    8     53    56    16    23    24    8     
     29    28    8     53    56    16    23    24    8     
     29    28    8     52    56    16    23    24    8     
     29    28    8     52    55    16    23    23    8     

bg   0     0     0     0     0     0     0     0     0     
     0     0     0     0     0     0     0     0     0     
     0     0     0     0     0     0     0     0     0     
     0     0     0     0     0     0     0     0     0     

B2   20    47    30    35    114   72    15    40    29    
     20    47    30    35    114   72    15    40    29    
     20    47    30    35    113   72    15    40    29    
     20    47    30    35    113   72    15    39    29    

bg   0     0     0     0     0     0     0     0     0     
     0     0     0     0     0     0     0     0     0     
     0     0     0     0     0     0     0     0     0     
     0     0     0     0     0     0     0     0     0     

B3   4     24    34    6     57    89    4     26    40    
     4     24    34    6     57    88    4     26    40    
     4     24    34    6     57    88    4     26    40    
     4     24    34    6     57    87    4     26    40    

bg   0     0     0     0     0     0     0     0     0     
     0     0     0     0     0     0     0     0     0     
     0     0     0     0     0     0     0     0     0     
     0     0     0     0     0     0     0     0     0     

C1   3     3     2     21    23    10    73    72    20    
     3     3     2     21    23    10    73    72    20    
     3     3     2     21    23    10    73    72    20    
     3     3     2     21    23    10    74    72    20    

bg   0     0     0     0     0     0     0     0     0     
     0     0     0     0     0     0     0     0     0     
     0     0     0     0     0     0     0     0     0     
     0     0     0     0     0     0     0     0     0     

C2   2     4     3     16    43    32    49    124   73    
     2     4     3     16    43    32    49    124   73    
     2     4     3     16    43    32    49    124   73    
     2     4     3     16    43    32    48    124   73    

bg   0     0     0     0     0     0     0     0     0     
     0     0     0     0     0     0     0     0     0     
     0     0     0     0     0     0     0     0     0     
     0     0     0     0     0     0     0     0     0     

C3   1     3     4     3     22    35    6     54    86    
     1     3     4     3     22    35    6     54    87    
     1     3     4     3     22    35    6     54    87    
     1     3     4     3     22    35    6     54    88    

bg   0     0     0     0     0     0     0     0     0     
     0     0     0     0     0     0     0     0     0     
     0     0     0     0     0     0     0     0     0     
     0     0     0     0     0     0     0     0     0     


Trial #2-------------------------

     A1    A2    A3    B1    B2    B3    C1    C2    C3    

A1   78    73    19    30    30    9     4     3     2     
     78    73    19    30    30    9     4     3     2     
     78    73    19    29    30    9     4     3     2     
     78    72    19    29    30    9     4     3     2     

bg   0     0     0     0     0     0     0     0     0     
     0     0     0     0     0     0     0     0     0     
     0     0     0     0     0     0     0     0     0     
     0     0     0     0     0     0     0     0     0     

A2   47    115   70    19    48    30    3     4     4     
     47    115   70    19    48    30    3     4     4     
     47    115   70    19    48    29    3     4     4     
     47    114   70    19    47    29    3     4     4     

bg   0     0     0     0     0     0     0     0     0     
     0     0     0     0     0     0     0     0     0     
     0     0     0     0     0     0     0     0     0     
     0     0     0     0     0     0     0     0     0     

A3   7     52    87    3     23    32    1     3     4     
     7     52    86    3     23    32    1     3     4     
     7     52    86    3     23    32    1     3     4     
     7     52    86    3     23    32    1     3     4     

bg   0     0     0     0     0     0     0     0     0     
     0     0     0     0     0     0     0     0     0     
     0     0     0     0     0     0     0     0     0     
     0     0     0     0     0     0     0     0     0     

B1   28    27    8     51    55    16    23    23    8     
     28    27    8     51    55    16    22    23    8     
     28    27    8     51    55    16    22    23    8     
     28    27    8     51    55    16    22    23    8     

bg   0     0     0     0     0     0     0     0     0     
     0     0     0     0     0     0     0     0     0     
     0     0     0     0     0     0     0     0     0     
     0     0     0     0     0     0     0     0     0     

B2   20    47    30    35    114   72    15    40    29    
     20    47    30    35    113   72    15    39    29    
     20    47    30    35    113   72    15    39    29    
     20    47    30    34    113   72    15    39    29    

bg   0     0     0     0     0     0     0     0     0     
     0     0     0     0     0     0     0     0     0     
     0     0     0     0     0     0     0     0     0     
     0     0     0     0     0     0     0     0     0     

B3   4     24    34    6     57    88    4     26    40    
     4     24    34    6     57    87    4     26    40    
     4     24    34    6     57    87    4     26    40    
     4     24    34    6     57    88    4     26    40    

bg   0     0     0     0     0     0     0     0     0     
     0     0     0     0     0     0     0     0     0     
     0     0     0     0     0     0     0     0     0     
     0     0     0     0     0     0     0     0     0     

C1   3     3     2     21    23    10    74    73    20    
     3     3     2     21    23    10    75    73    20    
     3     3     2     21    23    10    75    73    20    
     3     3     2     21    23    10    75    73    20    

bg   0     0     0     0     0     0     0     0     0     
     0     0     0     0     0     0     0     0     0     
     0     0     0     0     0     0     0     0     0     
     0     0     0     0     0     0     0     0     0     

C2   2     4     3     16    42    32    48    123   73    
     2     4     3     16    42    32    48    123   73    
     2     4     3     16    42    32    48    123   73    
     2     4     3     16    42    32    48    123   73    

bg   0     0     0     0     0     0     0     0     0     
     0     0     0     0     0     0     0     0     0     
     0     0     0     0     0     0     0     0     0     
     0     0     0     0     0     0     0     0     0     

C3   1     3     4     3     22    35    6     54    87    
     1     3     4     3     22    35    6     54    87    
     1     3     4     3     22    35    6     54    88    
     1     3     4     3     22    35    6     54    87    

bg   0     0     0     0     0     0     0     0     0     
     0     0     0     0     0     0     0     0     0     
     0     0     0     0     0     0     0     0     0     
     0     0     0     0     0     0     0     0     0     


Trial #3-------------------------

     A1    A2    A3    B1    B2    B3    C1    C2    C3    

A1   77    72    19    29    30    9     4     3     2     
     77    72    19    29    30    9     4     3     2     
     76    72    19    29    30    9     4     3     2     
     76    72    19    29    29    9     4     3     2     

bg   0     0     0     0     0     0     0     0     0     
     0     0     0     0     0     0     0     0     0     
     0     0     0     0     0     0     0     0     0     
     0     0     0     0     0     0     0     0     0     

A2   47    115   70    19    48    30    3     4     4     
     47    115   70    19    48    30    3     4     4     
     47    115   70    19    48    30    3     4     4     
     47    115   70    19    48    30    3     4     4     

bg   0     0     0     0     0     0     0     0     0     
     0     0     0     0     0     0     0     0     0     
     0     0     0     0     0     0     0     0     0     
     0     0     0     0     0     0     0     0     0     

A3   7     52    85    3     23    32    1     3     4     
     7     52    85    3     23    32    1     3     4     
     7     52    84    3     23    31    1     3     4     
     7     52    84    3     23    31    1     3     4     

bg   0     0     0     0     0     0     0     0     0     
     0     0     0     0     0     0     0     0     0     
     0     0     0     0     0     0     0     0     0     
     0     0     0     0     0     0     0     0     0     

B1   28    27    8     51    55    16    22    23    8     
     29    27    8     51    55    16    23    23    8     
     29    27    8     51    55    16    23    23    8     
     29    27    8     52    55    16    23    23    8     

bg   0     0     0     0     0     0     0     0     0     
     0     0     0     0     0     0     0     0     0     
     0     0     0     0     0     0     0     0     0     
     0     0     0     0     0     0     0     0     0     

B2   20    47    30    34    113   72    15    39    29    
     20    47    30    34    113   72    15    39    29    
     20    47    30    34    113   72    15    39    29    
     20    47    30    34    113   72    15    39    29    

bg   0     0     0     0     0     0     0     0     0     
     0     0     0     0     0     0     0     0     0     
     0     0     0     0     0     0     0     0     0     
     0     0     0     0     0     0     0     0     0     

B3   4     24    34    6     57    87    4     26    40    
     4     24    34    6     57    88    4     26    40    
     4     24    34    6     57    88    4     26    40    
     4     24    34    6     57    88    4     26    40    

bg   0     0     0     0     0     0     0     0     0     
     0     0     0     0     0     0     0     0     0     
     0     0     0     0     0     0     0     0     0     
     0     0     0     0     0     0     0     0     0     

C1   3     3     2     21    23    10    74    72    20    
     3     3     2     21    23    10    74    72    20    
     3     3     2     21    23    10    74    72    20    
     3     3     2     21    23    10    74    72    20    

bg   0     0     0     0     0     0     0     0     0     
     0     0     0     0     0     0     0     0     0     
     0     0     0     0     0     0     0     0     0     
     0     0     0     0     0     0     0     0     0     

C2   2     4     3     16    42    32    48    123   73    
     2     4     3     16    43    32    48    123   73    
     2     4     3     16    43    32    48    123   73    
     2     4     3     16    43    32    48    123   73    

bg   0     0     0     0     0     0     0     0     0     
     0     0     0     0     0     0     0     0     0     
     0     0     0     0     0     0     0     0     0     
     0     0     0     0     0     0     0     0     0     

C3   1     3     4     3     22    35    6     54    88    
     1     3     4     3     22    35    6     54    87    
     1     3     4     3     22    35    6     54    87    
     1     3     4     3     22    35    6     54    86    

bg   0     0     0     0     0     0     0     0     0     
     0     0     0     0     0     0     0     0     0     
     0     0     0     0     0     0     0     0     0     
     0     0     0     0     0     0     0     0     0     


Trial #4-------------------------

     A1    A2    A3    B1    B2    B3    C1    C2    C3    

A1   76    72    19    29    30    9     4     3     2     
     76    72    19    29    30    9     4     3     2     
     76    72    19    29    29    9     4     3     2     
     76    71    19    29    29    9     4     3     2     

bg   0     0     0     0     0     0     0     0     0     
     0     0     0     0     0     0     0     0     0     
     0     0     0     0     0     0     0     0     0     
     0     0     0     0     0     0     0     0     0     

A2   47    115   70    19    48    30    3     4     4     
     47    115   70    19    48    30    3     4     4     
     47    115   70    19    48    30    3     4     4     
     47    115   70    19    48    30    3     4     4     

bg   0     0     0     0     0     0     0     0     0     
     0     0     0     0     0     0     0     0     0     
     0     0     0     0     0     0     0     0     0     
     0     0     0     0     0     0     0     0     0     

A3   7     52    85    3     23    31    1     3     4     
     7     52    84    3     23    31    1     3     4     
     7     52    85    3     23    31    1     3     4     
     7     52    85    3     23    32    1     3     4     

bg   0     0     0     0     0     0     0     0     0     
     0     0     0     0     0     0     0     0     0     
     0     0     0     0     0     0     0     0     0     
     0     0     0     0     0     0     0     0     0     

B1   29    28    8     52    55    16    23    24    8     
     29    28    8     52    56    16    23    24    8     
     29    28    8     52    56    16    23    24    8     
     29    28    8     52    55    16    23    23    8     

bg   0     0     0     0     0     0     0     0     0     
     0     0     0     0     0     0     0     0     0     
     0     0     0     0     0     0     0     0     0     
     0     0     0     0     0     0     0     0     0     

B2   20    46    30    34    113   72    15    39    29    
     20    46    30    34    112   71    15    39    29    
     20    46    30    34    112   71    15    39    29    
     20    46    30    34    112   71    15    39    29    

bg   0     0     0     0     0     0     0     0     0     
     0     0     0     0     0     0     0     0     0     
     0     0     0     0     0     0     0     0     0     
     0     0     0     0     0     0     0     0     0     

B3   4     24    34    6     57    88    4     26    40    
     4     24    34    6     57    88    4     26    40    
     4     24    34    6     57    88    4     26    40    
     4     24    34    6     57    88    4     26    40    

bg   0     0     0     0     0     0     0     0     0     
     0     0     0     0     0     0     0     0     0     
     0     0     0     0     0     0     0     0     0     
     0     0     0     0     0     0     0     0     0     

C1   3     3     2     21    23    10    74    72    20    
     3     3     2     21    23    10    73    72    20    
     3     3     2     21    23    10    73    72    20    
     3     3     2     21    23    10    73    72    20    

bg   0     0     0     0     0     0     0     0     0     
     0     0     0     0     0     0     0     0     0     
     0     0     0     0     0     0     0     0     0     
     0     0     0     0     0     0     0     0     0     

C2   2     4     3     16    43    32    49    124   73    
     2     4     3     16    43    32    48    124   73    
     2     4     3     16    43    32    48    123   73    
     2     4     3     16    43    32    48    123   73    

bg   0     0     0     0     0     0     0     0     0     
     0     0     0     0     0     0     0     0     0     
     0     0     0     0     0     0     0     0     0     
     0     0     0     0     0     0     0     0     0     

C3   1     3     4     3     22    35    6     54    87    
     1     3     4     3     22    35    6     54    86    
     1     3     4     3     22    35    6     54    86    
     1     3     4     3     22    35    6     54    86    

bg   0     0     0     0     0     0     0     0     0     
     0     0     0     0     0     0     0     0     0     
     0     0     0     0     0     0     0     0     0     
     0     0     0     0     0     0     0     0     0     


