     A1    A2    A3    B1    B2    B3    C1    C2    C3    

A1   51    82    87    74    121   114   112   161   146   
     51    82    87    74    121   114   112   161   146   
     50    82    86    74    120   113   111   160   145   
     50    82    86    73    120   114   111   160   145   

bg   51    83    87    74    121   114   112   161   146   
     51    83    87    74    121   114   112   161   146   
     51    83    87    74    121   114   112   161   146   
     51    83    87    74    121   115   112   161   146   

A2   82    186   154   88    161   141   114   164   148   
     82    186   154   88    161   141   114   163   147   
     83    187   154   88    161   141   115   164   148   
     83    186   154   88    161   141   114   164   148   

bg   51    82    86    74    120   114   112   160   145   
     51    82    86    74    120   114   112   160   145   
     51    82    87    74    121   114   112   161   146   
     51    83    87    74    122   115   113   162   147   

A3   58    137   168   78    147   148   115   166   152   
     58    136   168   78    146   147   114   165   151   
     58    137   169   79    147   148   116   166   153   
     58    138   169   79    148   149   116   168   154   

bg   51    84    88    75    122   116   114   163   148   
     51    83    87    74    122   115   113   162   147   
     51    83    87    74    121   115   113   161   146   
     51    82    87    74    121   114   112   160   146   

B1   73    105   94    144   183   130   147   191   154   
     73    106   94    145   184   131   147   191   155   
     74    106   95    145   184   132   148   192   155   
     74    106   94    145   184   132   147   192   155   

bg   51    83    87    75    122   115   113   162   147   
     52    84    88    75    123   116   114   163   148   
     51    83    87    75    122   115   113   162   147   
     52    84    89    76    124   117   115   165   149   

B2   67    123   113   113   230   181   133   203   173   
     67    123   113   113   230   181   133   203   173   
     67    122   113   113   229   180   132   202   172   
     67    122   113   113   229   180   132   202   172   

bg   52    84    88    75    123   117   114   164   149   
     51    83    87    75    122   115   113   162   147   
     51    83    87    74    121   115   112   161   146   
     51    83    87    74    121   115   113   162   146   

B3   53    101   114   78    170   191   116   184   180   
     53    101   114   79    171   191   117   184   180   
     53    101   114   79    171   191   117   185   180   
     53    101   114   79    171   191   117   185   180   

bg   51    83    87    74    121   115   112   161   146   
     51    83    87    74    121   115   113   161   147   
     51    83    87    74    121   115   113   161   147   
     51    83    87    74    121   115   113   161   147   

C1   54    86    89    107   153   126   192   232   168   
     54    86    89    107   154   126   193   232   168   
     54    86    89    107   154   126   193   232   168   
     54    86    89    107   154   126   192   232   168   

bg   51    83    87    74    121   115   113   161   147   
     51    83    87    74    121   115   112   161   147   
     51    83    87    74    121   115   112   161   147   
     51    83    87    74    121   115   112   161   147   

C2   54    88    92    97    172   149   167   274   216   
     53    87    90    96    170   148   165   272   214   
     53    87    91    96    170   148   165   271   214   
     53    87    90    95    170   147   165   270   213   

bg   51    83    87    74    121   115   113   161   147   
     51    83    87    74    121   115   112   161   147   
     51    83    87    74    121   115   112   161   146   
     51    83    87    74    121   115   113   161   147   

C3   52    85    90    77    143   146   120   210   218   
     52    85    90    77    144   146   120   210   218   
     52    85    90    77    143   146   120   210   218   
     52    86    91    78    145   147   121   211   220   

bg   51    82    87    74    121   114   112   161   146   
     51    82    86    74    120   114   112   160   145   
     51    84    88    75    122   116   114   163   148   
     51    84    88    75    123   116   114   163   148   
