     A1    A2    A3    B1    B2    B3    C1    C2    C3    

A1   88    128   100   93    140   121   116   164   149   
     89    128   100   93    140   121   116   164   148   
     89    128   99    93    139   120   115   163   147   
     88    128   100   93    139   121   116   163   148   

bg   51    83    87    74    121   115   113   161   146   
     51    83    88    75    122   116   113   162   147   
     52    84    88    75    123   117   114   163   149   
     51    83    88    75    122   116   113   163   148   

A2   83    188   156   89    163   144   116   167   151   
     84    188   156   90    164   144   117   167   152   
     83    187   155   89    162   142   116   166   149   
     83    187   155   89    163   143   116   166   150   

bg   51    83    88    75    122   116   113   162   147   
     51    83    87    74    122   115   113   162   147   
     51    83    87    74    121   115   113   162   147   
     51    83    88    74    122   116   113   162   147   

A3   57    136   168   78    146   147   114   165   151   
     57    136   168   78    146   148   114   165   151   
     58    136   168   78    146   147   114   165   151   
     58    136   168   78    146   147   115   165   151   

bg   51    83    87    74    121   115   113   162   147   
     51    83    87    74    121   115   113   162   147   
     51    83    87    74    121   115   113   161   147   
     51    82    87    74    121   115   112   161   146   

B1   73    106   94    145   183   131   147   191   154   
     73    106   94    144   184   131   147   191   155   
     73    106   94    144   184   132   147   191   155   
     74    106   95    145   184   132   148   192   156   

bg   51    83    88    74    122   116   113   162   147   
     51    84    88    75    123   116   114   163   148   
     52    84    88    75    123   117   114   164   149   
     51    83    87    74    121   115   113   162   147   

B2   67    123   114   113   231   182   133   203   173   
     67    123   114   113   231   182   133   204   174   
     68    125   116   115   233   184   136   208   177   
     68    125   116   115   233   185   136   208   178   

bg   51    83    87    74    121   115   113   162   147   
     51    83    87    74    121   115   112   161   146   
     51    82    87    74    121   114   112   161   146   
     51    83    87    74    121   115   113   161   147   

B3   53    101   115   79    171   191   117   185   180   
     53    101   114   78    170   190   116   184   179   
     53    101   114   78    170   191   116   183   179   
     53    101   115   79    171   191   117   185   180   

bg   51    83    88    74    122   116   113   162   147   
     51    83    87    74    121   115   113   162   147   
     51    83    87    74    121   115   112   161   146   
     51    84    88    75    122   116   114   163   148   

C1   54    86    89    107   154   126   193   232   168   
     54    87    90    107   154   127   193   233   169   
     55    87    90    108   155   128   193   234   170   
     55    88    91    109   157   129   195   236   172   

bg   51    83    87    74    121   115   112   161   147   
     51    83    87    74    121   115   113   161   147   
     51    83    87    74    121   115   113   161   147   
     51    83    87    74    121   115   113   162   147   

C2   53    87    90    95    168   146   164   268   212   
     53    86    90    94    168   146   163   268   211   
     53    86    89    94    168   146   163   267   211   
     53    86    89    94    168   146   163   267   211   

bg   51    83    87    74    121   115   112   161   147   
     51    83    87    74    121   115   112   161   147   
     51    83    87    74    121   115   113   161   147   
     52    84    88    75    123   116   114   164   148   

C3   52    85    90    78    144   146   120   211   219   
     52    86    91    78    144   147   121   211   219   
     53    87    92    79    146   149   122   213   222   
     53    87    92    79    147   149   122   213   222   

bg   51    83    88    74    122   116   113   162   147   
     51    83    87    74    121   115   112   161   147   
     51    83    87    74    121   115   112   161   146   
     51    83    87    74    121   115   112   161   146   
