     A1    A2    A3    B1    B2    B3    C1    C2    C3    

A1   90    130   102   94    141   124   118   167   152   
     89    129   101   93    141   123   117   166   150   
     89    129   102   94    141   124   117   166   152   
     89    129   102   94    141   124   117   166   152   

bg   51    83    88    75    122   117   113   162   148   
     51    83    89    74    122   117   113   162   149   
     51    83    88    75    122   117   113   162   149   
     52    84    89    75    123   118   114   163   150   

A2   84    189   157   90    164   146   117   167   153   
     84    188   157   89    163   145   116   166   153   
     83    187   157   89    163   146   116   166   153   
     83    187   157   89    163   146   116   166   153   

bg   51    83    89    74    122   118   113   162   150   
     51    83    89    74    122   118   113   162   150   
     52    84    89    75    122   118   113   162   150   
     51    83    89    75    122   118   114   163   149   

A3   59    138   170   79    148   151   117   168   156   
     59    140   172   81    151   154   119   172   159   
     59    138   172   80    150   153   117   169   157   
     58    137   170   78    147   151   115   166   155   

bg   51    83    89    75    122   118   113   162   150   
     51    83    89    75    122   118   113   162   150   
     52    84    90    76    124   120   115   165   152   
     52    85    91    77    125   121   116   167   153   

B1   73    106   96    145   184   134   148   192   157   
     74    106   95    145   184   133   148   192   157   
     74    106   95    144   183   133   147   191   157   
     73    106   96    144   184   134   147   191   158   

bg   54    87    92    78    128   122   119   170   155   
     53    86    91    77    127   121   117   168   154   
     51    84    89    75    123   117   114   163   149   
     51    83    88    75    122   116   113   162   148   

B2   68    125   115   114   233   184   135   206   176   
     68    124   114   114   232   182   134   205   175   
     67    124   114   114   232   182   134   205   175   
     67    123   114   113   231   183   134   205   175   

bg   51    83    88    75    122   116   114   163   148   
     51    83    88    75    122   116   113   163   148   
     51    83    88    74    122   116   113   162   148   
     51    83    88    75    122   116   113   162   147   

B3   53    102   115   79    171   193   117   186   181   
     53    102   115   79    172   192   118   186   181   
     54    103   116   80    173   193   119   187   182   
     55    104   117   81    174   194   120   189   184   

bg   51    83    87    74    121   115   113   162   146   
     51    83    88    74    121   115   113   162   147   
     51    83    88    74    122   116   113   162   147   
     51    83    88    74    122   116   113   162   147   

C1   55    88    92    109   156   130   195   236   172   
     55    87    90    108   155   128   193   234   170   
     54    87    90    108   154   127   193   233   169   
     54    87    90    108   154   127   193   233   169   

bg   51    84    88    75    122   116   114   163   148   
     52    85    90    76    124   118   116   166   150   
     52    84    89    75    123   117   115   164   149   
     51    83    88    74    122   115   113   162   147   

C2   53    87    90    95    169   147   164   269   212   
     53    87    90    95    168   147   163   268   213   
     53    87    90    95    168   147   163   268   212   
     54    88    91    96    170   148   165   270   214   

bg   51    84    88    75    123   116   114   163   148   
     52    84    89    76    123   117   115   164   149   
     52    84    88    75    123   117   114   163   148   
     51    83    88    75    122   116   113   162   147   

C3   54    88    93    80    148   150   124   216   223   
     54    89    94    81    150   152   125   218   226   
     53    87    93    79    146   149   123   214   223   
     52    86    91    78    145   147   121   211   220   

bg   51    83    88    75    122   116   113   163   148   
     51    83    87    74    122   115   113   162   147   
     51    83    88    75    122   116   113   162   147   
     51    83    88    75    122   116   113   162   147   
