     A1    A2    A3    B1    B2    B3    C1    C2    C3    

A1   89    128   99    93    139   120   115   163   147   
     89    128   99    93    139   120   116   163   147   
     89    128   100   93    139   120   116   164   148   
     89    128   100   93    140   121   116   164   148   

bg   51    82    87    74    121   114   112   160   146   
     51    82    86    74    120   114   112   160   145   
     51    82    86    74    120   114   112   160   145   
     51    82    87    74    121   114   112   160   146   

A2   83    187   155   89    162   142   115   165   149   
     83    187   155   89    162   142   115   165   149   
     83    187   155   89    162   142   115   165   149   
     83    187   155   89    162   142   115   165   149   

bg   51    82    87    74    121   114   112   160   146   
     51    82    87    74    121   114   112   161   146   
     51    82    87    74    121   114   112   161   146   
     51    83    87    74    121   114   112   161   146   

A3   57    136   167   77    145   146   113   163   150   
     57    136   167   77    145   146   113   164   150   
     57    136   167   77    145   146   114   164   150   
     57    136   167   78    145   146   114   164   150   

bg   51    82    87    74    121   114   112   161   146   
     51    82    87    74    121   114   112   161   146   
     51    83    87    74    121   115   112   161   146   
     51    82    87    74    121   114   112   160   146   

B1   73    105   93    144   182   130   146   189   153   
     73    105   93    144   182   130   146   189   153   
     73    105   94    144   183   130   146   191   154   
     74    106   94    145   184   131   147   192   155   

bg   51    83    87    74    121   115   112   161   146   
     51    83    87    74    121   115   112   161   146   
     51    82    86    74    121   114   112   160   146   
     51    83    87    74    121   114   112   161   146   

B2   67    122   113   113   230   181   132   202   172   
     66    122   113   112   229   180   132   202   172   
     67    123   113   113   230   181   132   202   172   
     67    123   113   113   230   181   133   203   173   

bg   51    83    87    75    122   115   113   162   147   
     51    83    87    74    121   115   113   162   147   
     51    82    87    74    121   114   112   161   146   
     50    82    86    74    120   114   112   160   145   

B3   53    102   115   79    171   192   117   186   181   
     54    102   116   80    172   193   118   187   182   
     54    103   116   80    173   193   118   187   182   
     53    102   115   79    171   191   117   185   180   

bg   51    82    86    74    120   114   112   160   145   
     51    82    87    74    121   114   112   160   146   
     51    82    86    74    120   114   112   160   146   
     51    82    86    74    120   114   112   160   145   

C1   54    86    89    107   153   126   192   232   168   
     54    86    89    107   153   126   192   232   167   
     54    86    89    107   153   125   192   231   167   
     54    86    89    107   154   127   193   233   169   

bg   51    82    87    74    121   114   112   160   146   
     51    82    87    74    121   114   112   161   146   
     50    82    86    73    120   114   111   160   145   
     50    82    86    73    120   114   111   160   145   

C2   53    87    90    95    170   147   165   272   214   
     53    87    90    95    170   147   165   271   214   
     53    87    90    95    169   147   164   270   213   
     53    87    90    95    169   147   164   270   213   

bg   51    83    87    74    121   115   112   161   146   
     52    84    88    76    123   117   115   164   149   
     52    85    90    76    125   118   115   166   151   
     52    84    88    75    123   116   114   163   148   

C3   53    86    91    78    145   148   122   212   220   
     52    85    90    78    144   146   121   211   219   
     52    84    89    77    143   145   119   209   217   
     52    84    89    77    143   145   119   209   217   

bg   51    83    88    75    122   116   113   163   148   
     51    83    88    75    122   116   113   163   148   
     51    82    86    74    120   114   112   160   146   
     50    82    86    74    120   114   112   160   145   
