Trial #1-------------------------

     A1    A2    A3    B1    B2    B3    C1    C2    C3    

A1   136   153   103   102   137   116   105   152   143   
     136   153   103   102   137   116   106   152   142   
     136   153   103   102   137   116   106   152   142   
     137   153   103   102   137   116   106   152   142   

bg   62    83    85    71    108   108   101   149   140   
     62    83    85    71    108   108   101   149   141   
     61    83    85    71    107   108   101   149   141   
     61    83    85    71    107   108   101   149   141   

A2   106   194   153   90    153   136   103   153   145   
     107   194   153   90    153   136   103   153   145   
     107   194   153   90    153   136   104   153   144   
     107   194   153   90    153   136   104   153   144   

bg   62    83    85    72    108   107   102   149   140   
     62    83    84    72    108   107   102   149   140   
     62    83    85    72    108   108   102   150   140   
     62    83    85    72    108   108   102   150   141   

A3   68    133   168   74    130   139   102   151   145   
     68    133   169   74    130   139   102   151   145   
     68    133   168   74    130   139   101   151   145   
     68    133   168   74    129   138   101   151   145   

bg   62    83    85    71    107   108   101   149   141   
     62    83    85    71    108   108   101   149   140   
     62    83    85    72    108   108   102   149   140   
     62    83    84    72    108   107   102   149   140   

B1   91    111   92    145   171   124   134   178   149   
     91    111   93    144   171   125   134   179   149   
     91    111   93    143   170   124   133   178   149   
     90    111   93    142   170   124   133   177   149   

bg   62    83    85    71    108   109   101   149   142   
     62    83    85    71    108   108   101   149   141   
     62    83    85    71    107   108   101   149   141   
     62    83    85    71    108   108   101   149   141   

B2   82    128   113   113   218   175   121   190   168   
     82    128   113   113   218   175   121   190   168   
     82    128   113   113   218   175   121   189   168   
     82    128   113   113   218   175   120   189   168   

bg   62    83    85    71    107   108   101   149   141   
     61    83    85    71    107   108   101   149   141   
     61    83    85    71    108   108   101   149   142   
     62    83    85    71    108   108   101   149   142   

B3   65    105   117   77    160   191   106   174   179   
     65    105   117   78    161   190   106   174   178   
     66    105   117   78    161   190   106   174   178   
     66    106   117   78    161   190   107   175   178   

bg   63    85    86    73    110   110   103   152   143   
     63    85    87    73    110   111   104   153   144   
     63    85    87    73    110   110   103   152   144   
     62    84    86    72    109   110   102   151   143   

C1   65    87    87    103   137   119   180   224   162   
     65    87    87    103   137   119   180   224   161   
     65    87    87    103   137   118   180   223   161   
     65    86    86    104   137   118   181   223   160   

bg   62    83    84    71    107   107   101   148   139   
     62    83    84    71    107   107   101   148   139   
     62    83    84    71    107   107   101   148   139   
     61    83    84    71    107   107   101   148   139   

C2   63    86    87    89    150   138   150   269   211   
     63    87    88    89    150   139   150   269   212   
     63    86    88    89    150   139   150   269   212   
     63    87    88    89    150   139   150   269   212   

bg   61    83    84    71    107   107   101   148   140   
     61    83    84    71    107   107   101   148   140   
     61    83    84    71    107   107   101   149   140   
     62    84    85    72    108   108   102   150   140   

C3   63    85    88    74    128   141   106   200   223   
     62    85    88    74    128   141   106   200   224   
     62    85    88    73    128   141   106   200   224   
     62    85    88    73    128   142   106   200   225   

bg   61    83    85    70    107   108   100   148   141   
     61    83    85    70    107   108   100   148   141   
     61    83    84    71    107   107   100   148   140   
     61    83    84    71    107   107   101   148   140   


Trial #2-------------------------

     A1    A2    A3    B1    B2    B3    C1    C2    C3    

A1   137   153   102   102   137   115   105   152   141   
     137   153   102   102   137   115   105   152   141   
     136   153   102   102   137   115   105   152   142   
     135   152   103   101   137   116   105   152   142   

bg   61    83    85    71    107   108   100   149   141   
     61    83    85    71    107   108   100   149   141   
     61    83    86    71    108   109   101   150   142   
     62    84    86    71    109   109   102   150   143   

A2   108   195   154   91    154   137   105   155   146   
     108   195   153   91    154   137   106   155   145   
     108   195   153   91    154   136   105   154   145   
     108   194   152   91    153   136   105   153   143   

bg   62    83    85    71    107   108   101   149   140   
     62    83    85    71    107   108   101   149   141   
     61    83    85    71    107   108   101   149   141   
     61    83    85    71    107   108   101   149   141   

A3   68    133   169   74    130   139   102   151   145   
     68    133   168   74    130   138   102   151   145   
     68    133   167   74    130   138   102   151   144   
     68    133   167   74    130   138   102   151   144   

bg   62    83    85    72    108   107   102   149   140   
     62    83    85    72    108   108   102   149   140   
     62    83    85    72    108   108   102   149   140   
     62    83    85    72    108   108   102   150   141   

B1   91    111   93    143   171   125   133   178   150   
     90    111   93    142   170   125   132   178   150   
     90    111   92    142   170   124   132   177   149   
     90    111   92    142   170   124   132   177   149   

bg   61    83    84    71    107   107   101   148   140   
     61    83    84    71    107   107   101   148   140   
     62    83    84    71    107   107   101   148   139   
     61    83    84    71    107   107   101   148   139   

B2   81    127   112   112   217   174   119   188   167   
     81    127   113   112   217   175   119   188   168   
     81    127   113   112   216   175   119   188   168   
     80    127   113   112   216   175   119   188   168   

bg   61    83    85    71    107   108   100   148   141   
     61    83    85    71    107   108   101   149   141   
     62    83    85    71    107   108   101   149   141   
     62    83    85    71    108   108   101   149   140   

B3   66    106   117   78    161   190   106   174   178   
     66    106   117   78    161   190   106   174   178   
     65    105   117   78    160   190   106   174   178   
     65    105   117   77    160   190   105   173   178   

bg   61    83    85    71    107   108   100   149   141   
     61    83    85    71    107   108   100   148   141   
     61    83    85    71    107   108   100   148   141   
     61    83    85    71    107   108   100   148   141   

C1   65    86    86    104   137   117   181   223   160   
     65    86    86    104   137   117   182   223   159   
     65    86    86    104   136   117   182   223   159   
     65    86    86    104   136   117   181   223   159   

bg   61    82    84    71    107   107   101   148   140   
     61    83    84    71    107   107   100   148   140   
     61    83    85    71    107   108   100   148   141   
     61    83    85    71    107   108   100   148   141   

C2   64    87    88    90    150   139   150   269   212   
     64    87    87    90    150   138   150   269   211   
     64    87    87    90    150   138   151   269   211   
     64    87    87    90    150   138   151   269   210   

bg   62    83    84    71    107   107   101   148   140   
     62    83    84    71    107   107   101   148   140   
     62    83    84    71    107   107   101   149   140   
     62    83    85    71    107   108   101   149   140   

C3   63    86    89    74    129   143   107   201   226   
     63    86    89    74    129   143   107   202   227   
     63    86    89    74    129   143   107   202   226   
     63    86    88    74    129   142   107   201   226   

bg   62    83    85    71    107   107   101   149   140   
     62    83    84    71    107   107   101   149   140   
     62    83    84    72    108   107   102   149   140   
     62    83    84    72    108   107   102   149   140   


Trial #3-------------------------

     A1    A2    A3    B1    B2    B3    C1    C2    C3    

A1   136   153   103   102   137   116   105   151   142   
     135   152   103   101   136   116   105   151   142   
     134   152   103   101   136   116   105   151   142   
     134   152   103   100   136   116   104   151   142   

bg   61    82    84    70    106   107   100   147   140   
     61    82    84    70    106   107   100   147   139   
     61    82    84    71    107   107   100   147   139   
     61    82    84    71    107   107   101   148   139   

A2   107   194   152   90    153   135   104   153   143   
     107   194   152   90    153   135   104   152   143   
     107   194   152   90    153   135   104   152   143   
     107   194   152   90    152   135   104   152   143   

bg   61    83    85    71    107   108   100   148   141   
     61    83    85    71    107   108   100   148   141   
     61    82    84    70    107   107   100   148   140   
     61    82    84    70    107   107   100   148   140   

A3   68    133   166   74    129   137   102   150   143   
     68    133   166   74    129   137   102   151   143   
     68    133   166   74    129   137   102   150   143   
     68    133   166   74    129   137   102   150   143   

bg   61    82    84    71    107   107   100   148   140   
     61    82    84    70    106   107   100   147   140   
     61    82    84    70    106   107   100   147   140   
     61    82    84    70    106   107   100   147   140   

B1   90    111   92    143   171   124   133   177   149   
     91    111   92    144   171   124   133   178   149   
     91    111   92    144   171   124   133   178   148   
     91    111   92    144   171   124   134   177   148   

bg   62    83    84    71    107   107   101   148   139   
     61    83    84    71    107   107   101   148   139   
     61    82    84    71    107   107   100   148   139   
     61    82    84    71    106   107   100   147   139   

B2   80    127   113   112   216   175   118   187   168   
     80    127   113   112   216   175   118   188   168   
     80    127   113   112   216   175   118   187   168   
     80    127   113   112   216   174   119   187   167   

bg   61    82    84    71    107   107   100   148   139   
     61    82    84    71    106   106   101   148   139   
     61    82    84    71    106   106   100   147   139   
     61    82    84    71    106   106   100   147   139   

B3   64    104   116   76    159   189   104   171   177   
     64    104   116   76    159   190   104   172   177   
     64    104   117   76    159   190   104   172   178   
     64    104   117   76    159   191   104   172   178   

bg   61    82    84    70    106   107   100   147   140   
     61    82    84    70    106   107   100   147   139   
     61    82    84    71    106   107   100   148   139   
     61    83    84    71    107   107   101   148   139   

C1   65    86    85    103   136   116   181   222   158   
     65    86    86    103   136   117   180   222   158   
     65    86    86    103   136   117   180   222   159   
     65    86    86    103   136   117   180   222   159   

bg   61    82    84    70    107   107   100   148   140   
     61    82    84    70    107   107   100   148   140   
     61    82    84    70    107   107   100   148   140   
     61    82    84    71    107   107   100   148   140   

C2   64    86    87    90    150   138   151   269   210   
     64    86    87    90    150   138   151   269   210   
     64    86    87    90    150   138   151   269   210   
     64    86    87    90    150   138   151   269   210   

bg   61    82    84    71    107   107   100   148   140   
     61    82    84    70    106   107   100   147   140   
     61    82    84    70    106   107   100   147   140   
     61    82    84    70    106   107   100   147   140   

C3   62    85    87    73    128   141   106   199   223   
     62    85    87    73    128   140   106   199   223   
     63    85    87    74    128   140   106   200   222   
     63    85    87    74    128   140   106   199   221   

bg   61    82    84    71    107   107   101   148   139   
     61    82    84    71    107   107   100   148   139   
     61    82    84    71    107   107   100   148   139   
     61    82    84    70    106   107   100   147   139   


Trial #4-------------------------

     A1    A2    A3    B1    B2    B3    C1    C2    C3    

A1   135   152   102   100   136   116   104   151   142   
     134   152   102   100   136   115   104   150   142   
     134   151   102   100   135   115   104   150   141   
     134   151   102   100   135   115   104   150   141   

bg   61    82    84    71    106   106   100   147   138   
     61    82    83    70    106   106   100   146   138   
     61    82    83    70    106   105   100   146   137   
     61    82    83    70    106   106   100   146   138   

A2   106   192   151   89    151   135   103   151   142   
     106   192   152   89    151   135   103   151   143   
     106   192   152   89    151   135   102   151   143   
     106   192   152   89    151   135   102   151   143   

bg   61    82    84    70    106   107   100   147   139   
     61    82    84    70    106   106   100   147   139   
     61    82    84    70    106   106   100   147   139   
     61    82    84    70    106   106   100   147   138   

A3   68    132   166   74    129   136   102   150   142   
     67    132   166   74    129   137   101   150   143   
     67    132   166   73    129   137   101   150   143   
     67    132   167   73    129   137   101   150   143   

bg   61    82    84    70    106   107   99    147   139   
     61    82    84    70    106   107   99    147   139   
     61    82    84    70    106   107   100   147   139   
     61    82    84    70    106   107   100   147   139   

B1   91    111   92    145   171   123   134   177   148   
     91    111   92    145   171   123   134   177   147   
     91    111   91    145   171   123   134   177   147   
     91    110   91    144   170   123   133   177   147   

bg   61    82    83    70    106   106   99    146   139   
     61    82    84    70    106   106   99    146   139   
     60    82    84    70    106   106   99    146   139   
     60    81    84    70    105   106   99    146   139   

B2   80    126   112   111   216   173   118   186   166   
     80    126   112   111   215   173   118   186   165   
     80    126   112   112   216   173   118   186   166   
     81    126   112   112   216   173   119   187   166   

bg   61    82    84    71    106   106   100   147   139   
     61    82    83    70    106   106   100   147   138   
     61    82    83    70    106   106   99    146   138   
     60    81    83    70    105   105   98    145   137   

B3   62    102   114   74    155   187   100   167   173   
     62    101   113   74    155   186   100   166   173   
     62    102   113   74    155   186   101   167   173   
     63    102   114   74    156   186   101   167   173   

bg   60    81    82    70    105   105   99    145   137   
     61    81    83    70    105   105   99    146   137   
     61    81    83    70    105   105   99    146   137   
     61    81    83    70    105   105   99    146   137   

C1   64    85    85    102   135   116   179   221   158   
     64    85    85    102   135   116   178   220   158   
     64    85    85    102   135   116   178   220   158   
     64    85    85    102   135   116   178   220   158   

bg   61    82    83    70    106   106   99    146   138   
     61    82    83    70    106   106   99    146   138   
     61    82    83    70    106   106   100   146   138   
     61    82    83    70    106   106   100   146   138   

C2   63    85    86    89    148   136   149   266   208   
     63    85    86    89    148   136   149   266   208   
     63    85    86    89    148   136   149   266   208   
     63    85    86    89    148   136   148   266   208   

bg   60    81    83    69    105   105   98    145   138   
     60    81    83    69    105   105   98    145   137   
     60    81    83    69    105   105   98    145   137   
     60    81    83    69    105   105   98    145   137   

C3   62    83    86    73    126   138   105   197   219   
     62    84    86    73    126   138   105   197   219   
     62    83    86    73    126   138   105   197   219   
     62    83    86    73    126   138   105   197   219   

bg   60    81    83    69    105   105   99    145   138   
     60    81    83    69    105   105   98    145   138   
     60    81    83    69    105   106   98    145   138   
     60    81    83    69    105   106   98    145   138   


