Trial #1-------------------------

     A1    A2    A3    B1    B2    B3    C1    C2    C3    

A1   4     5     2     3     3     2     2     3     2     
     4     5     2     3     3     2     2     3     2     
     4     5     2     3     3     2     2     3     2     
     5     5     2     3     3     2     2     3     2     

bg   1     1     1     1     2     2     2     2     2     
     1     1     1     1     2     2     2     2     2     
     1     1     1     1     2     2     2     2     2     
     1     1     1     1     2     2     2     2     2     

A2   3     7     4     2     4     3     2     3     2     
     3     7     4     2     4     3     2     3     2     
     3     7     4     2     4     3     2     3     2     
     3     7     4     2     4     3     2     3     2     

bg   1     1     1     1     2     2     2     2     2     
     1     1     1     1     2     2     2     2     2     
     1     1     1     1     2     2     2     2     2     
     1     1     1     1     2     2     2     2     2     

A3   1     4     5     1     2     3     2     3     2     
     1     4     5     1     2     3     2     3     2     
     1     4     5     1     3     3     2     3     2     
     1     4     5     1     2     3     2     3     2     

bg   1     1     1     1     2     2     2     2     2     
     1     1     1     1     2     2     2     2     2     
     1     1     1     1     2     2     2     2     2     
     1     1     1     1     2     2     2     2     2     

B1   2     3     2     5     5     2     3     4     3     
     2     3     2     5     5     2     3     4     3     
     2     3     2     5     5     2     3     4     3     
     2     3     2     5     5     2     3     4     3     

bg   1     1     1     1     2     2     2     2     2     
     1     1     1     1     2     2     2     2     2     
     1     1     1     1     2     2     2     2     2     
     1     1     1     1     2     2     2     2     2     

B2   2     3     2     3     7     4     3     4     3     
     2     3     2     3     7     4     3     4     3     
     2     3     2     3     7     4     3     4     3     
     2     3     2     3     7     4     3     4     3     

bg   1     1     1     1     2     2     2     2     2     
     1     1     1     1     2     2     2     2     2     
     1     1     1     1     2     2     2     2     2     
     1     1     1     1     2     2     2     2     2     

B3   1     2     2     1     4     4     2     4     4     
     1     2     2     1     4     4     2     4     4     
     1     2     2     1     4     4     2     4     4     
     1     2     2     1     4     4     2     4     4     

bg   1     1     1     1     2     2     2     2     2     
     1     1     1     1     2     2     2     2     2     
     1     1     1     1     2     2     2     2     2     
     1     1     1     1     2     2     2     2     2     

C1   1     2     1     3     3     2     6     6     3     
     1     2     1     3     3     2     5     6     3     
     1     2     1     3     3     2     6     6     3     
     1     2     1     3     3     2     6     6     3     

bg   1     1     1     1     2     2     2     2     2     
     1     1     1     1     2     2     2     2     2     
     1     1     1     1     2     2     2     2     2     
     1     1     1     1     2     2     2     2     2     

C2   1     2     1     2     4     3     4     8     6     
     1     2     1     2     4     3     4     8     6     
     1     2     1     2     4     3     4     8     6     
     1     2     1     2     4     3     4     8     6     

bg   1     1     1     1     2     2     2     2     2     
     1     1     1     1     2     2     2     2     2     
     1     1     1     1     2     2     2     2     2     
     1     1     1     1     2     2     2     2     2     

C3   1     1     1     1     3     3     2     5     6     
     1     1     2     1     3     3     2     5     6     
     1     1     1     1     3     3     2     5     6     
     1     1     2     1     3     3     2     5     6     

bg   1     1     1     1     2     2     2     2     2     
     1     1     1     1     2     2     2     2     2     
     1     1     1     1     2     2     2     2     2     
     1     1     1     1     2     2     2     2     2     


Trial #2-------------------------

     A1    A2    A3    B1    B2    B3    C1    C2    C3    

A1   4     5     2     3     3     2     2     3     2     
     4     5     2     3     3     2     2     3     2     
     4     5     2     3     3     2     2     3     2     
     4     5     2     3     3     2     2     3     2     

bg   1     1     1     1     2     2     2     2     2     
     1     1     1     1     2     2     2     2     2     
     1     1     1     1     2     2     2     2     2     
     1     1     1     1     2     2     2     2     2     

A2   3     7     4     2     4     3     2     3     2     
     3     7     4     2     4     3     2     3     2     
     3     7     4     2     4     3     2     3     2     
     3     7     4     2     4     3     2     3     2     

bg   1     1     1     1     2     2     2     2     2     
     1     1     1     1     2     2     2     2     2     
     1     1     1     1     2     2     2     2     2     
     1     1     1     1     2     2     2     2     2     

A3   1     4     5     1     2     3     2     3     2     
     1     4     5     1     2     3     2     3     2     
     1     4     5     1     2     3     2     3     2     
     1     4     5     1     2     3     2     3     2     

bg   1     1     1     1     2     2     2     2     2     
     1     1     1     1     2     2     2     2     2     
     1     1     1     1     2     2     2     2     2     
     1     1     1     1     2     2     2     2     2     

B1   2     3     2     5     5     2     3     4     3     
     2     3     2     5     5     2     3     4     3     
     2     3     2     5     5     2     3     4     3     
     2     3     2     5     5     2     3     4     3     

bg   1     1     1     1     2     2     2     2     2     
     1     1     1     1     2     2     2     2     2     
     1     1     1     1     2     2     2     2     2     
     1     1     1     1     2     2     2     2     2     

B2   2     3     2     3     7     4     3     4     3     
     2     3     2     3     7     4     3     4     3     
     2     3     2     3     7     4     3     4     3     
     2     3     2     3     7     4     3     4     3     

bg   1     1     1     1     2     2     2     2     2     
     1     1     1     1     2     2     2     2     2     
     1     1     1     1     2     2     2     2     2     
     1     1     1     1     2     2     2     2     2     

B3   1     2     2     1     4     4     2     4     4     
     1     2     2     1     4     4     2     4     4     
     1     2     2     1     4     4     2     4     4     
     1     2     2     1     4     4     2     4     4     

bg   1     1     1     1     2     2     2     2     2     
     1     1     1     1     2     2     2     2     2     
     1     1     1     1     2     2     2     2     2     
     1     1     1     1     2     2     2     2     2     

C1   1     2     1     3     3     2     6     6     3     
     1     2     1     3     3     2     6     6     3     
     1     2     1     3     3     2     6     6     3     
     1     2     1     3     3     2     5     6     3     

bg   1     1     1     1     2     2     2     2     2     
     1     1     1     1     2     2     2     2     2     
     1     1     1     1     2     2     2     2     2     
     1     1     1     1     2     2     2     2     2     

C2   1     2     1     2     4     3     4     8     6     
     1     2     1     2     4     3     4     8     6     
     1     2     1     2     4     3     4     8     6     
     1     2     1     2     4     3     4     8     6     

bg   1     1     1     1     2     2     2     2     2     
     1     1     1     1     2     2     2     2     2     
     1     1     1     1     2     2     2     2     2     
     1     1     1     1     2     2     2     2     2     

C3   1     1     2     1     3     3     2     5     6     
     1     1     2     1     3     3     2     5     6     
     1     1     2     1     3     3     2     5     6     
     1     1     2     1     3     3     2     5     6     

bg   1     1     1     1     2     2     2     2     2     
     1     1     1     1     2     2     2     2     2     
     1     1     1     1     2     2     2     2     2     
     1     1     1     1     2     2     2     2     2     


Trial #3-------------------------

     A1    A2    A3    B1    B2    B3    C1    C2    C3    

A1   4     5     2     3     3     2     2     3     2     
     4     5     2     3     3     2     2     3     2     
     4     5     2     3     3     2     2     3     2     
     4     5     2     3     3     2     2     3     2     

bg   1     1     1     1     2     2     2     2     2     
     1     1     1     1     2     2     2     2     2     
     1     1     1     1     2     2     2     2     2     
     1     1     1     1     2     2     2     2     2     

A2   3     7     4     2     4     3     2     3     2     
     3     7     4     2     4     3     2     3     2     
     3     7     4     2     4     3     2     3     2     
     3     7     5     2     4     3     2     3     2     

bg   1     1     1     1     2     2     2     2     2     
     1     1     1     1     2     2     2     2     2     
     1     1     1     1     2     2     2     2     2     
     1     1     1     1     2     2     2     2     2     

A3   1     4     5     1     2     3     2     3     2     
     1     4     5     1     2     3     2     3     2     
     1     4     5     1     2     3     2     3     2     
     1     4     5     1     2     3     2     3     2     

bg   1     1     1     1     2     2     2     2     2     
     1     1     1     1     2     2     2     2     2     
     1     1     1     1     2     2     2     2     2     
     1     1     1     1     2     2     2     2     2     

B1   2     3     2     5     5     2     3     4     3     
     2     3     2     5     5     2     3     4     3     
     2     3     2     5     5     2     3     4     3     
     2     3     2     5     5     2     3     4     3     

bg   1     1     1     1     2     2     2     2     2     
     1     1     1     1     2     2     2     2     2     
     1     1     1     1     2     2     2     2     2     
     1     1     1     1     2     2     2     2     2     

B2   2     3     2     3     7     4     3     4     3     
     2     3     2     3     7     4     3     4     3     
     2     3     2     3     7     4     3     4     3     
     2     3     2     3     7     4     3     4     3     

bg   1     1     1     1     2     2     2     2     2     
     1     1     1     1     2     2     2     2     2     
     1     1     1     1     2     2     2     2     2     
     1     1     1     1     2     2     2     2     2     

B3   1     2     2     1     4     4     2     4     4     
     1     2     2     1     4     4     2     4     4     
     1     2     2     1     4     4     2     4     4     
     1     2     2     1     4     4     2     4     4     

bg   1     1     1     1     2     2     2     2     2     
     1     1     1     1     2     2     2     2     2     
     1     1     1     1     2     2     2     2     2     
     1     1     1     1     2     2     2     2     2     

C1   1     2     1     3     3     2     6     6     3     
     1     2     1     3     3     2     6     6     3     
     1     2     1     3     3     2     5     6     3     
     1     2     1     3     3     2     5     6     3     

bg   1     1     1     1     2     2     2     2     2     
     1     1     1     1     2     2     2     2     2     
     1     1     1     1     2     2     2     2     2     
     1     1     1     1     2     2     2     2     2     

C2   1     2     1     2     4     3     4     8     6     
     1     2     1     2     4     3     4     8     6     
     1     2     1     2     4     3     4     8     6     
     1     2     1     2     4     3     4     8     6     

bg   1     1     1     1     2     2     2     2     2     
     1     1     1     1     2     2     2     2     2     
     1     1     1     1     2     2     2     2     2     
     1     1     1     1     2     2     2     2     2     

C3   1     1     1     1     3     3     2     5     6     
     1     1     2     1     3     3     2     5     6     
     1     1     1     1     3     3     2     5     6     
     1     1     2     1     3     3     2     5     6     

bg   1     1     1     1     2     2     2     2     2     
     1     1     1     1     2     2     2     2     2     
     1     1     1     1     2     2     2     2     2     
     1     1     1     1     2     2     2     2     2     


Trial #4-------------------------

     A1    A2    A3    B1    B2    B3    C1    C2    C3    

A1   5     5     2     3     3     2     2     3     2     
     5     5     2     3     3     2     2     3     2     
     4     5     2     3     3     2     2     3     2     
     4     5     2     3     3     2     2     3     2     

bg   1     1     1     1     2     2     2     2     2     
     1     1     1     1     2     2     2     2     2     
     1     1     1     1     2     2     2     2     2     
     1     1     1     1     2     2     2     2     2     

A2   3     7     4     2     4     3     2     3     2     
     3     7     4     2     4     3     2     3     2     
     3     7     4     2     4     3     2     3     2     
     3     7     4     2     4     3     2     3     2     

bg   1     1     1     1     2     2     2     2     2     
     1     1     1     1     2     2     2     2     2     
     1     1     1     1     2     2     2     2     2     
     1     1     1     1     2     2     2     2     2     

A3   1     4     5     1     2     3     2     3     2     
     1     4     5     1     2     3     2     3     2     
     1     4     5     1     2     3     2     3     2     
     1     4     5     1     2     3     2     3     2     

bg   1     1     1     1     2     2     2     2     2     
     1     1     1     1     2     2     2     2     2     
     1     1     1     1     2     2     2     2     2     
     1     1     1     1     2     2     2     2     2     

B1   2     3     2     5     5     2     3     4     3     
     2     3     2     5     5     2     3     4     3     
     2     3     2     5     5     2     3     4     3     
     2     3     2     5     5     2     3     4     3     

bg   1     1     1     1     2     2     2     2     2     
     1     1     1     1     2     2     2     2     2     
     1     1     1     1     2     2     2     2     2     
     1     1     1     1     2     2     2     2     2     

B2   2     3     2     3     7     4     3     4     3     
     2     3     2     3     7     4     3     4     3     
     2     3     2     3     7     4     3     4     3     
     2     3     2     3     7     4     3     4     3     

bg   1     1     1     1     2     2     2     2     2     
     1     1     1     1     2     2     2     2     2     
     1     1     1     1     2     2     2     2     2     
     1     1     1     1     2     2     2     2     2     

B3   1     2     2     1     4     4     2     4     4     
     1     2     2     1     4     4     2     3     4     
     1     2     2     1     4     4     2     3     4     
     1     2     2     1     4     4     2     3     4     

bg   1     1     1     1     2     2     2     2     2     
     1     1     1     1     2     2     2     2     2     
     1     1     1     1     2     2     2     2     2     
     1     1     1     1     2     2     2     2     2     

C1   1     2     1     3     3     2     5     6     3     
     1     2     1     3     3     2     5     6     3     
     1     2     1     3     3     2     5     6     3     
     1     2     1     3     3     2     5     6     3     

bg   1     1     1     1     2     2     2     2     2     
     1     1     1     1     2     2     2     2     2     
     1     1     1     1     2     2     2     2     2     
     1     1     1     1     2     2     2     2     2     

C2   1     2     1     2     4     3     4     8     6     
     1     2     1     2     4     3     4     8     6     
     1     2     1     2     4     3     4     8     6     
     1     2     1     2     4     3     4     8     6     

bg   1     1     1     1     2     2     2     2     2     
     1     1     1     1     2     2     2     2     2     
     1     1     1     1     2     2     2     2     2     
     1     1     1     1     2     2     2     2     2     

C3   1     1     1     1     3     3     2     5     6     
     1     1     1     1     3     3     2     5     6     
     1     1     2     1     3     3     2     5     6     
     1     1     2     1     3     3     2     5     6     

bg   1     1     1     1     2     2     2     2     2     
     1     1     1     1     2     2     2     2     2     
     1     1     1     1     2     2     2     2     2     
     1     1     1     1     2     2     2     2     2     

