Trial #1-------------------------

     A1    A2    A3    B1    B2    B3    C1    C2    C3    

A1   79    71    17    30    28    8     4     3     2     
     78    71    17    30    28    8     4     3     2     
     78    71    17    30    28    8     4     3     2     
     77    70    17    29    28    8     4     3     2     

bg   0     0     0     0     0     0     0     0     0     
     0     0     0     0     0     0     0     0     0     
     0     0     0     0     0     0     0     0     0     
     0     0     0     0     0     0     0     0     0     

A2   45    114   70    18    44    28    3     4     4     
     45    114   70    18    44    28    3     4     4     
     45    114   70    18    44    28    3     4     4     
     45    113   70    18    44    28    3     4     4     

bg   0     0     0     0     0     0     0     0     0     
     0     0     0     0     0     0     0     0     0     
     0     0     0     0     0     0     0     0     0     
     0     0     0     0     0     0     0     0     0     

A3   6     52    87    3     22    31    2     3     4     
     6     52    87    3     22    31    2     3     4     
     6     52    87    3     22    31    2     3     4     
     6     52    87    3     22    31    2     3     4     

bg   0     0     0     0     0     0     0     0     0     
     0     0     0     0     0     0     0     0     0     
     0     0     0     0     0     0     0     0     0     
     0     0     0     0     0     0     0     0     0     

B1   30    27    7     76    67    17    33    30    9     
     30    27    7     76    67    16    34    30    9     
     30    27    7     77    67    16    34    30    9     
     30    27    7     78    67    16    34    30    9     

bg   0     0     0     0     0     0     0     0     0     
     0     0     0     0     0     0     0     0     0     
     0     0     0     0     0     0     0     0     0     
     0     0     0     0     0     0     0     0     0     

B2   18    42    29    42    117   72    19    42    29    
     18    42    29    42    117   72    19    42    29    
     18    43    29    42    117   72    19    42    29    
     18    43    29    42    117   72    19    42    29    

bg   0     0     0     0     0     0     0     0     0     
     0     0     0     0     0     0     0     0     0     
     0     0     0     0     0     0     0     0     0     
     0     0     0     0     0     0     0     0     0     

B3   3     23    34    6     57    90    4     26    41    
     3     23    35    6     57    90    4     26    41    
     3     23    35    6     57    91    4     26    41    
     3     23    35    6     57    91    4     26    41    

bg   0     0     0     0     0     0     0     0     0     
     0     0     0     0     0     0     0     0     0     
     0     0     0     0     0     0     0     0     0     
     0     0     0     0     0     0     0     0     0     

C1   3     4     2     34    31    11    84    78    20    
     3     4     2     34    31    11    83    77    20    
     3     4     2     33    30    11    82    77    20    
     3     4     2     33    30    11    82    77    20    

bg   0     0     0     0     0     0     0     0     0     
     0     0     0     0     0     0     0     0     0     
     0     0     0     0     0     0     0     0     0     
     0     0     0     0     0     0     0     0     0     

C2   2     4     3     19    44    32    51    123   72    
     2     4     3     19    44    32    51    123   71    
     2     4     3     19    44    32    51    123   72    
     2     4     3     19    44    32    51    123   72    

bg   0     0     0     0     0     0     0     0     0     
     0     0     0     0     0     0     0     0     0     
     0     0     0     0     0     0     0     0     0     
     0     0     0     0     0     0     0     0     0     

C3   1     3     4     3     22    36    6     55    88    
     1     3     4     3     22    35    6     54    87    
     1     3     4     3     22    35    6     54    86    
     1     3     4     3     22    35    6     54    86    

bg   0     0     0     0     0     0     0     0     0     
     0     0     0     0     0     0     0     0     0     
     0     0     0     0     0     0     0     0     0     
     0     0     0     0     0     0     0     0     0     


Trial #2-------------------------

     A1    A2    A3    B1    B2    B3    C1    C2    C3    

A1   79    71    17    30    28    8     4     3     2     
     78    71    17    30    28    8     4     3     2     
     79    71    17    30    28    8     4     3     2     
     79    71    17    30    28    8     4     3     2     

bg   0     0     0     0     0     0     0     0     0     
     0     0     0     0     0     0     0     0     0     
     0     0     0     0     0     0     0     0     0     
     0     0     0     0     0     0     0     0     0     

A2   46    114   71    18    44    28    3     4     4     
     45    114   71    18    44    28    3     4     4     
     45    114   71    18    44    28    3     4     4     
     45    114   71    18    44    28    3     4     4     

bg   0     0     0     0     0     0     0     0     0     
     0     0     0     0     0     0     0     0     0     
     0     0     0     0     0     0     0     0     0     
     0     0     0     0     0     0     0     0     0     

A3   6     52    88    3     22    31    2     3     4     
     6     52    88    3     22    31    2     3     4     
     6     52    89    3     22    32    2     3     4     
     6     52    90    3     22    32    2     3     4     

bg   0     0     0     0     0     0     0     0     0     
     0     0     0     0     0     0     0     0     0     
     0     0     0     0     0     0     0     0     0     
     0     0     0     0     0     0     0     0     0     

B1   30    28    7     78    67    17    34    31    9     
     30    28    7     78    67    17    34    31    9     
     30    28    7     78    67    17    34    30    9     
     30    27    7     77    67    17    34    30    9     

bg   0     0     0     0     0     0     0     0     0     
     0     0     0     0     0     0     0     0     0     
     0     0     0     0     0     0     0     0     0     
     0     0     0     0     0     0     0     0     0     

B2   18    43    29    42    118   72    19    43    29    
     18    43    29    42    117   72    19    42    29    
     18    43    29    42    117   72    19    42    29    
     18    43    29    42    117   72    20    42    29    

bg   0     0     0     0     0     0     0     0     0     
     0     0     0     0     0     0     0     0     0     
     0     0     0     0     0     0     0     0     0     
     0     0     0     0     0     0     0     0     0     

B3   3     23    35    6     57    90    4     26    41    
     3     23    34    6     57    90    4     26    41    
     3     23    34    6     57    89    4     26    40    
     3     23    34    6     57    88    4     26    40    

bg   0     0     0     0     0     0     0     0     0     
     0     0     0     0     0     0     0     0     0     
     0     0     0     0     0     0     0     0     0     
     0     0     0     0     0     0     0     0     0     

C1   3     4     2     33    30    11    82    77    20    
     3     4     2     33    30    11    81    77    20    
     3     4     2     33    30    11    81    77    20    
     3     4     2     33    30    11    81    77    20    

bg   0     0     0     0     0     0     0     0     0     
     0     0     0     0     0     0     0     0     0     
     0     0     0     0     0     0     0     0     0     
     0     0     0     0     0     0     0     0     0     

C2   2     4     3     19    45    32    51    124   72    
     2     4     3     19    45    32    51    123   72    
     2     4     3     19    45    32    51    123   72    
     2     4     3     19    45    32    51    123   72    

bg   0     0     0     0     0     0     0     0     0     
     0     0     0     0     0     0     0     0     0     
     0     0     0     0     0     0     0     0     0     
     0     0     0     0     0     0     0     0     0     

C3   1     3     4     3     22    35    6     55    86    
     1     3     4     3     22    35    6     55    86    
     1     3     4     3     22    35    6     55    86    
     1     3     4     3     22    36    6     55    87    

bg   0     0     0     0     0     0     0     0     0     
     0     0     0     0     0     0     0     0     0     
     0     0     0     0     0     0     0     0     0     
     0     0     0     0     0     0     0     0     0     


Trial #3-------------------------

     A1    A2    A3    B1    B2    B3    C1    C2    C3    

A1   80    72    17    31    29    8     4     4     2     
     80    71    17    31    29    8     4     4     2     
     80    71    17    31    29    8     4     4     2     
     81    71    17    31    29    8     4     4     2     

bg   0     0     0     0     0     0     0     0     0     
     0     0     0     0     0     0     0     0     0     
     0     0     0     0     0     0     0     0     0     
     0     0     0     0     0     0     0     0     0     

A2   46    114   71    18    44    28    3     4     4     
     46    114   71    18    44    28    3     4     4     
     46    114   71    18    44    28    3     4     4     
     46    114   70    18    44    28    3     4     4     

bg   0     0     0     0     0     0     0     0     0     
     0     0     0     0     0     0     0     0     0     
     0     0     0     0     0     0     0     0     0     
     0     0     0     0     0     0     0     0     0     

A3   6     52    89    3     22    32    2     3     4     
     6     52    89    3     22    32    2     3     4     
     6     52    89    3     22    32    2     3     4     
     6     52    89    3     22    32    2     3     4     

bg   0     0     0     0     0     0     0     0     0     
     0     0     0     0     0     0     0     0     0     
     0     0     0     0     0     0     0     0     0     
     0     0     0     0     0     0     0     0     0     

B1   30    27    7     77    67    17    34    30    9     
     30    27    7     76    67    17    34    30    9     
     30    27    7     76    67    17    33    30    9     
     30    27    7     75    66    17    33    30    9     

bg   0     0     0     0     0     0     0     0     0     
     0     0     0     0     0     0     0     0     0     
     0     0     0     0     0     0     0     0     0     
     0     0     0     0     0     0     0     0     0     

B2   18    42    28    42    117   71    19    42    29    
     18    42    28    42    117   71    19    42    29    
     18    42    28    42    116   71    19    42    29    
     18    42    28    42    116   71    19    42    29    

bg   0     0     0     0     0     0     0     0     0     
     0     0     0     0     0     0     0     0     0     
     0     0     0     0     0     0     0     0     0     
     0     0     0     0     0     0     0     0     0     

B3   3     23    34    6     57    88    4     26    40    
     3     23    34    6     57    88    4     26    40    
     3     23    34    6     57    87    4     26    39    
     3     23    34    6     57    87    4     26    39    

bg   0     0     0     0     0     0     0     0     0     
     0     0     0     0     0     0     0     0     0     
     0     0     0     0     0     0     0     0     0     
     0     0     0     0     0     0     0     0     0     

C1   3     4     2     33    30    11    82    77    20    
     3     4     2     33    31    11    82    77    20    
     3     4     2     33    31    11    83    77    20    
     3     4     2     34    31    11    83    77    20    

bg   0     0     0     0     0     0     0     0     0     
     0     0     0     0     0     0     0     0     0     
     0     0     0     0     0     0     0     0     0     
     0     0     0     0     0     0     0     0     0     

C2   2     4     3     19    44    32    50    123   72    
     2     4     3     19    44    32    50    122   72    
     2     4     3     19    44    32    50    122   72    
     2     4     3     19    44    32    50    122   72    

bg   0     0     0     0     0     0     0     0     0     
     0     0     0     0     0     0     0     0     0     
     0     0     0     0     0     0     0     0     0     
     0     0     0     0     0     0     0     0     0     

C3   1     3     4     3     22    36    6     55    88    
     1     3     4     3     22    36    6     55    88    
     1     3     4     3     23    36    6     55    89    
     1     3     4     3     23    36    6     55    89    

bg   0     0     0     0     0     0     0     0     0     
     0     0     0     0     0     0     0     0     0     
     0     0     0     0     0     0     0     0     0     
     0     0     0     0     0     0     0     0     0     


Trial #4-------------------------

     A1    A2    A3    B1    B2    B3    C1    C2    C3    

A1   81    72    18    31    29    8     4     4     2     
     81    72    17    31    29    8     4     4     2     
     80    71    17    31    29    8     4     4     2     
     80    71    17    30    29    8     4     4     2     

bg   0     0     0     0     0     0     0     0     0     
     0     0     0     0     0     0     0     0     0     
     0     0     0     0     0     0     0     0     0     
     0     0     0     0     0     0     0     0     0     

A2   45    113   70    18    44    28    3     4     4     
     45    113   70    18    44    28    3     4     4     
     45    113   70    18    44    28    3     4     4     
     45    113   70    18    44    28    3     4     4     

bg   0     0     0     0     0     0     0     0     0     
     0     0     0     0     0     0     0     0     0     
     0     0     0     0     0     0     0     0     0     
     0     0     0     0     0     0     0     0     0     

A3   6     52    89    3     22    32    2     3     4     
     6     52    89    3     22    31    2     3     4     
     6     52    88    3     22    31    2     3     4     
     6     52    87    3     22    31    2     3     4     

bg   0     0     0     0     0     0     0     0     0     
     0     0     0     0     0     0     0     0     0     
     0     0     0     0     0     0     0     0     0     
     0     0     0     0     0     0     0     0     0     

B1   30    27    7     76    67    17    33    30    9     
     30    27    7     75    67    17    33    30    9     
     30    27    7     75    67    17    33    30    9     
     30    27    7     76    67    17    33    30    9     

bg   0     0     0     0     0     0     0     0     0     
     0     0     0     0     0     0     0     0     0     
     0     0     0     0     0     0     0     0     0     
     0     0     0     0     0     0     0     0     0     

B2   18    42    28    42    117   72    19    42    29    
     18    42    28    42    117   72    19    42    29    
     18    42    28    42    116   72    19    42    29    
     18    42    28    42    116   72    19    42    29    

bg   0     0     0     0     0     0     0     0     0     
     0     0     0     0     0     0     0     0     0     
     0     0     0     0     0     0     0     0     0     
     0     0     0     0     0     0     0     0     0     

B3   3     23    34    6     57    88    4     26    40    
     3     23    34    6     57    88    4     26    40    
     3     23    34    6     57    88    4     26    40    
     3     23    34    6     57    89    4     26    40    

bg   0     0     0     0     0     0     0     0     0     
     0     0     0     0     0     0     0     0     0     
     0     0     0     0     0     0     0     0     0     
     0     0     0     0     0     0     0     0     0     

C1   4     4     2     34    31    11    84    78    20    
     4     4     2     34    31    11    84    78    20    
     4     4     2     34    31    11    84    78    20    
     4     4     2     34    31    11    84    78    20    

bg   0     0     0     0     0     0     0     0     0     
     0     0     0     0     0     0     0     0     0     
     0     0     0     0     0     0     0     0     0     
     0     0     0     0     0     0     0     0     0     

C2   2     4     3     19    44    32    51    123   72    
     2     4     3     19    44    32    51    123   72    
     2     4     3     19    44    32    51    123   71    
     2     4     3     19    44    32    51    122   71    

bg   0     0     0     0     0     0     0     0     0     
     0     0     0     0     0     0     0     0     0     
     0     0     0     0     0     0     0     0     0     
     0     0     0     0     0     0     0     0     0     

C3   1     3     4     3     23    36    6     55    89    
     1     3     4     3     23    36    6     55    89    
     1     3     4     3     23    36    6     55    89    
     1     3     4     3     23    36    6     55    88    

bg   0     0     0     0     0     0     0     0     0     
     0     0     0     0     0     0     0     0     0     
     0     0     0     0     0     0     0     0     0     
     0     0     0     0     0     0     0     0     0     


