Trial #1-------------------------

     A1    A2    A3    B1    B2    B3    C1    C2    C3    

A1   79    69    17    30    27    7     4     3     2     
     79    69    17    30    27    7     4     3     2     
     79    69    17    30    27    7     4     3     2     
     79    68    17    30    27    7     4     3     2     

bg   0     0     0     0     0     0     0     0     0     
     0     0     0     0     0     0     0     0     0     
     0     0     0     0     0     0     0     0     0     
     0     0     0     0     0     0     0     0     0     

A2   43    108   69    17    40    26    3     4     4     
     43    108   69    17    40    26    3     4     4     
     43    108   69    17    40    26    3     4     4     
     43    108   68    17    40    26    3     4     4     

bg   0     0     0     0     0     0     0     0     0     
     0     0     0     0     0     0     0     0     0     
     0     0     0     0     0     0     0     0     0     
     0     0     0     0     0     0     0     0     0     

A3   5     50    89    3     21    31    2     3     4     
     5     50    89    3     21    31    2     3     4     
     5     50    89    3     21    31    1     3     4     
     5     50    88    3     21    31    2     3     4     

bg   0     0     0     0     0     0     0     0     0     
     0     0     0     0     0     0     0     0     0     
     0     0     0     0     0     0     0     0     0     
     0     0     0     0     0     0     0     0     0     

B1   29    26    7     76    66    16    34    30    9     
     29    26    7     76    66    16    34    30    9     
     29    26    7     75    65    16    34    30    9     
     29    26    7     75    65    16    33    30    9     

bg   0     0     0     0     0     0     0     0     0     
     0     0     0     0     0     0     0     0     0     
     0     0     0     0     0     0     0     0     0     
     0     0     0     0     0     0     0     0     0     

B2   16    37    26    41    113   70    19    42    29    
     16    37    26    41    113   70    19    42    29    
     16    37    26    41    113   70    19    42    29    
     16    37    26    41    113   70    19    42    29    

bg   0     0     0     0     0     0     0     0     0     
     0     0     0     0     0     0     0     0     0     
     0     0     0     0     0     0     0     0     0     
     0     0     0     0     0     0     0     0     0     

B3   3     22    34    6     56    88    4     26    40    
     3     22    33    6     56    88    4     26    40    
     3     22    33    6     56    87    4     26    40    
     3     22    33    6     56    87    4     26    40    

bg   0     0     0     0     0     0     0     0     0     
     0     0     0     0     0     0     0     0     0     
     0     0     0     0     0     0     0     0     0     
     0     0     0     0     0     0     0     0     0     

C1   3     4     2     33    30    11    82    77    20    
     4     4     2     33    30    11    82    77    20    
     4     4     2     33    30    11    83    77    20    
     4     4     2     33    30    11    83    77    20    

bg   0     0     0     0     0     0     0     0     0     
     0     0     0     0     0     0     0     0     0     
     0     0     0     0     0     0     0     0     0     
     0     0     0     0     0     0     0     0     0     

C2   2     4     3     19    44    32    51    124   72    
     2     4     3     19    44    32    51    124   72    
     2     4     3     19    44    32    51    124   72    
     2     4     3     19    44    32    51    123   72    

bg   0     0     0     0     0     0     0     0     0     
     0     0     0     0     0     0     0     0     0     
     0     0     0     0     0     0     0     0     0     
     0     0     0     0     0     0     0     0     0     

C3   1     3     4     3     22    36    6     55    88    
     1     3     4     3     22    36    6     55    88    
     1     3     4     3     22    36    6     55    88    
     1     3     4     3     22    36    6     55    89    

bg   0     0     0     0     0     0     0     0     0     
     0     0     0     0     0     0     0     0     0     
     0     0     0     0     0     0     0     0     0     
     0     0     0     0     0     0     0     0     0     


Trial #2-------------------------

     A1    A2    A3    B1    B2    B3    C1    C2    C3    

A1   80    69    17    30    27    7     4     3     2     
     80    69    17    30    27    7     4     3     2     
     79    69    17    30    27    7     4     3     2     
     79    69    17    30    27    7     4     3     2     

bg   0     0     0     0     0     0     0     0     0     
     0     0     0     0     0     0     0     0     0     
     0     0     0     0     0     0     0     0     0     
     0     0     0     0     0     0     0     0     0     

A2   44    109   69    17    41    26    3     4     4     
     44    109   69    17    40    26    3     4     4     
     44    109   69    16    40    26    3     4     4     
     44    108   68    17    40    26    3     4     4     

bg   0     0     0     0     0     0     0     0     0     
     0     0     0     0     0     0     0     0     0     
     0     0     0     0     0     0     0     0     0     
     0     0     0     0     0     0     0     0     0     

A3   5     51    88    3     21    31    2     3     4     
     5     51    88    3     21    31    2     3     4     
     5     51    88    3     21    31    2     3     4     
     5     50    88    3     21    31    2     3     4     

bg   0     0     0     0     0     0     0     0     0     
     0     0     0     0     0     0     0     0     0     
     0     0     0     0     0     0     0     0     0     
     0     0     0     0     0     0     0     0     0     

B1   29    25    7     75    65    16    33    30    9     
     29    25    7     75    65    16    33    30    9     
     29    25    7     75    65    16    33    30    9     
     29    25    7     75    65    16    33    30    9     

bg   0     0     0     0     0     0     0     0     0     
     0     0     0     0     0     0     0     0     0     
     0     0     0     0     0     0     0     0     0     
     0     0     0     0     0     0     0     0     0     

B2   16    37    27    41    113   70    19    42    29    
     16    37    26    41    113   70    19    42    29    
     16    37    26    41    113   70    19    42    29    
     16    37    26    41    112   70    19    42    29    

bg   0     0     0     0     0     0     0     0     0     
     0     0     0     0     0     0     0     0     0     
     0     0     0     0     0     0     0     0     0     
     0     0     0     0     0     0     0     0     0     

B3   3     22    33    6     57    88    4     26    40    
     3     22    33    6     56    88    4     26    40    
     3     22    34    6     56    88    4     26    40    
     3     22    34    6     56    88    4     26    40    

bg   0     0     0     0     0     0     0     0     0     
     0     0     0     0     0     0     0     0     0     
     0     0     0     0     0     0     0     0     0     
     0     0     0     0     0     0     0     0     0     

C1   4     4     2     34    31    11    83    78    20    
     4     4     2     34    31    11    84    78    20    
     4     4     2     34    31    11    84    78    20    
     4     4     2     34    31    11    84    78    20    

bg   0     0     0     0     0     0     0     0     0     
     0     0     0     0     0     0     0     0     0     
     0     0     0     0     0     0     0     0     0     
     0     0     0     0     0     0     0     0     0     

C2   2     4     3     19    45    32    51    124   72    
     2     4     3     19    45    32    51    124   72    
     2     4     3     19    45    32    51    124   72    
     2     4     3     19    45    32    51    124   72    

bg   0     0     0     0     0     0     0     0     0     
     0     0     0     0     0     0     0     0     0     
     0     0     0     0     0     0     0     0     0     
     0     0     0     0     0     0     0     0     0     

C3   1     3     4     3     22    36    6     55    89    
     1     3     4     3     22    36    6     55    89    
     1     3     4     3     22    36    6     55    89    
     1     3     4     3     23    36    6     55    88    

bg   0     0     0     0     0     0     0     0     0     
     0     0     0     0     0     0     0     0     0     
     0     0     0     0     0     0     0     0     0     
     0     0     0     0     0     0     0     0     0     


Trial #3-------------------------

     A1    A2    A3    B1    B2    B3    C1    C2    C3    

A1   79    69    17    30    27    7     4     3     2     
     79    69    17    30    27    7     4     3     2     
     78    69    17    30    27    7     4     3     2     
     78    69    17    30    27    7     4     3     2     

bg   0     0     0     0     0     0     0     0     0     
     0     0     0     0     0     0     0     0     0     
     0     0     0     0     0     0     0     0     0     
     0     0     0     0     0     0     0     0     0     

A2   44    109   69    17    41    27    3     4     4     
     44    109   69    17    41    26    3     4     4     
     44    109   69    17    41    26    3     4     4     
     44    109   69    17    40    26    3     4     4     

bg   0     0     0     0     0     0     0     0     0     
     0     0     0     0     0     0     0     0     0     
     0     0     0     0     0     0     0     0     0     
     0     0     0     0     0     0     0     0     0     

A3   6     51    88    3     21    31    2     3     4     
     6     51    87    3     21    31    2     3     4     
     6     51    87    3     21    31    2     3     4     
     6     51    87    3     21    31    2     3     4     

bg   0     0     0     0     0     0     0     0     0     
     0     0     0     0     0     0     0     0     0     
     0     0     0     0     0     0     0     0     0     
     0     0     0     0     0     0     0     0     0     

B1   29    26    7     75    65    16    34    30    9     
     29    26    7     75    65    16    34    30    9     
     29    26    7     76    65    16    34    30    9     
     29    26    7     76    65    16    34    30    9     

bg   0     0     0     0     0     0     0     0     0     
     0     0     0     0     0     0     0     0     0     
     0     0     0     0     0     0     0     0     0     
     0     0     0     0     0     0     0     0     0     

B2   16    37    27    41    113   70    19    42    29    
     16    38    27    41    113   70    19    42    29    
     16    38    27    41    113   70    19    42    29    
     16    38    27    41    113   70    19    42    29    

bg   0     0     0     0     0     0     0     0     0     
     0     0     0     0     0     0     0     0     0     
     0     0     0     0     0     0     0     0     0     
     0     0     0     0     0     0     0     0     0     

B3   3     22    34    6     57    89    4     26    40    
     3     22    34    6     57    89    4     26    40    
     3     22    34    6     57    89    4     26    40    
     3     22    34    6     57    89    4     26    40    

bg   0     0     0     0     0     0     0     0     0     
     0     0     0     0     0     0     0     0     0     
     0     0     0     0     0     0     0     0     0     
     0     0     0     0     0     0     0     0     0     

C1   4     4     2     34    31    11    84    78    21    
     4     4     2     34    31    11    83    78    21    
     4     4     2     34    31    11    83    78    20    
     4     4     2     33    31    11    83    78    20    

bg   0     0     0     0     0     0     0     0     0     
     0     0     0     0     0     0     0     0     0     
     0     0     0     0     0     0     0     0     0     
     0     0     0     0     0     0     0     0     0     

C2   2     4     3     19    44    31    51    123   71    
     2     4     3     19    44    31    51    123   71    
     2     4     3     19    44    31    51    122   71    
     2     4     3     19    44    31    51    122   71    

bg   0     0     0     0     0     0     0     0     0     
     0     0     0     0     0     0     0     0     0     
     0     0     0     0     0     0     0     0     0     
     0     0     0     0     0     0     0     0     0     

C3   1     3     4     3     22    36    6     55    88    
     1     3     4     3     22    36    6     55    87    
     1     3     4     3     22    36    6     55    87    
     1     3     4     3     22    36    6     55    87    

bg   0     0     0     0     0     0     0     0     0     
     0     0     0     0     0     0     0     0     0     
     0     0     0     0     0     0     0     0     0     
     0     0     0     0     0     0     0     0     0     


Trial #4-------------------------

     A1    A2    A3    B1    B2    B3    C1    C2    C3    

A1   79    69    17    30    27    7     4     3     2     
     79    69    17    30    27    7     4     3     2     
     79    69    17    30    27    7     4     3     2     
     79    69    17    30    27    7     4     3     2     

bg   0     0     0     0     0     0     0     0     0     
     0     0     0     0     0     0     0     0     0     
     0     0     0     0     0     0     0     0     0     
     0     0     0     0     0     0     0     0     0     

A2   43    108   68    17    40    26    3     4     4     
     43    108   68    17    40    26    3     4     4     
     43    108   68    17    40    26    3     4     4     
     43    108   68    17    40    26    3     4     4     

bg   0     0     0     0     0     0     0     0     0     
     0     0     0     0     0     0     0     0     0     
     0     0     0     0     0     0     0     0     0     
     0     0     0     0     0     0     0     0     0     

A3   6     51    88    3     21    31    2     3     4     
     6     51    88    3     22    31    2     3     4     
     6     51    88    3     21    31    2     3     4     
     6     51    88    3     21    31    2     3     4     

bg   0     0     0     0     0     0     0     0     0     
     0     0     0     0     0     0     0     0     0     
     0     0     0     0     0     0     0     0     0     
     0     0     0     0     0     0     0     0     0     

B1   29    26    7     76    66    16    34    30    9     
     29    26    7     76    66    16    34    30    9     
     29    26    7     76    66    16    34    30    9     
     29    26    7     76    66    16    34    30    9     

bg   0     0     0     0     0     0     0     0     0     
     0     0     0     0     0     0     0     0     0     
     0     0     0     0     0     0     0     0     0     
     0     0     0     0     0     0     0     0     0     

B2   16    38    27    41    113   70    19    42    29    
     16    38    27    41    113   70    19    42    29    
     16    38    27    41    113   70    19    42    29    
     16    38    27    41    113   70    19    42    29    

bg   0     0     0     0     0     0     0     0     0     
     0     0     0     0     0     0     0     0     0     
     0     0     0     0     0     0     0     0     0     
     0     0     0     0     0     0     0     0     0     

B3   3     22    34    6     57    90    4     26    41    
     3     22    34    6     57    89    4     26    40    
     3     22    34    6     57    89    4     26    40    
     3     22    34    6     57    89    4     26    40    

bg   0     0     0     0     0     0     0     0     0     
     0     0     0     0     0     0     0     0     0     
     0     0     0     0     0     0     0     0     0     
     0     0     0     0     0     0     0     0     0     

C1   4     4     2     33    31    11    83    78    21    
     4     4     2     33    31    11    83    78    21    
     4     4     2     33    31    11    82    78    21    
     4     4     2     33    31    11    82    77    20    

bg   0     0     0     0     0     0     0     0     0     
     0     0     0     0     0     0     0     0     0     
     0     0     0     0     0     0     0     0     0     
     0     0     0     0     0     0     0     0     0     

C2   2     4     3     19    44    32    51    123   72    
     2     4     3     19    44    32    51    123   72    
     2     4     3     19    44    32    51    123   72    
     2     4     3     19    44    32    51    123   72    

bg   0     0     0     0     0     0     0     0     0     
     0     0     0     0     0     0     0     0     0     
     0     0     0     0     0     0     0     0     0     
     0     0     0     0     0     0     0     0     0     

C3   1     3     4     3     22    36    6     55    87    
     1     3     4     3     22    36    6     55    87    
     1     3     4     3     22    36    6     55    87    
     1     3     4     3     22    36    6     55    87    

bg   0     0     0     0     0     0     0     0     0     
     0     0     0     0     0     0     0     0     0     
     0     0     0     0     0     0     0     0     0     
     0     0     0     0     0     0     0     0     0     


