Trial #1-------------------------

     A1    A2    A3    B1    B2    B3    C1    C2    C3    

A1   77    63    15    29    24    6     4     3     2     
     77    63    15    29    24    6     4     3     2     
     76    63    15    29    24    6     4     3     2     
     76    63    15    29    24    6     4     3     2     

bg   0     0     0     0     0     0     0     0     0     
     0     0     0     0     0     0     0     0     0     
     0     0     0     0     0     0     0     0     0     
     0     0     0     0     0     0     0     0     0     

A2   39    95    65    14    34    24    3     4     3     
     39    95    65    14    34    24    3     4     3     
     39    95    65    14    34    24    3     4     3     
     39    95    64    14    34    24    3     4     3     

bg   0     0     0     0     0     0     0     0     0     
     0     0     0     0     0     0     0     0     0     
     0     0     0     0     0     0     0     0     0     
     0     0     0     0     0     0     0     0     0     

A3   5     48    86    2     20    30    1     3     4     
     5     48    86    2     20    30    1     3     4     
     5     48    86    2     20    30    1     3     4     
     5     48    86    2     20    30    1     3     4     

bg   0     0     0     0     0     0     0     0     0     
     0     0     0     0     0     0     0     0     0     
     0     0     0     0     0     0     0     0     0     
     0     0     0     0     0     0     0     0     0     

B1   28    23    6     74    62    15    33    30    9     
     28    23    6     75    62    15    34    30    9     
     28    23    6     75    62    15    34    30    9     
     28    24    6     75    62    15    34    30    9     

bg   0     0     0     0     0     0     0     0     0     
     0     0     0     0     0     0     0     0     0     
     0     0     0     0     0     0     0     0     0     
     0     0     0     0     0     0     0     0     0     

B2   14    31    24    38    104   67    19    42    29    
     14    32    24    38    103   67    19    42    29    
     14    32    24    38    103   67    19    42    29    
     14    32    24    38    104   67    19    42    29    

bg   0     0     0     0     0     0     0     0     0     
     0     0     0     0     0     0     0     0     0     
     0     0     0     0     0     0     0     0     0     
     0     0     0     0     0     0     0     0     0     

B3   2     21    33    5     55    89    4     26    40    
     2     21    33    5     55    89    4     26    40    
     2     21    34    5     55    89    4     26    40    
     2     21    34    5     55    89    4     26    40    

bg   0     0     0     0     0     0     0     0     0     
     0     0     0     0     0     0     0     0     0     
     0     0     0     0     0     0     0     0     0     
     0     0     0     0     0     0     0     0     0     

C1   3     3     2     34    31    11    84    78    21    
     3     3     2     34    31    11    84    78    21    
     3     3     2     33    30    11    83    78    21    
     3     3     2     33    30    11    83    78    21    

bg   0     0     0     0     0     0     0     0     0     
     0     0     0     0     0     0     0     0     0     
     0     0     0     0     0     0     0     0     0     
     0     0     0     0     0     0     0     0     0     

C2   2     4     3     19    44    31    51    123   71    
     2     4     3     19    44    31    51    123   71    
     2     4     3     19    44    31    51    122   71    
     2     4     3     19    44    31    51    122   71    

bg   0     0     0     0     0     0     0     0     0     
     0     0     0     0     0     0     0     0     0     
     0     0     0     0     0     0     0     0     0     
     0     0     0     0     0     0     0     0     0     

C3   1     3     4     3     22    36    6     55    88    
     1     3     4     3     22    36    6     55    88    
     1     3     4     3     22    36    6     55    87    
     1     3     4     3     22    35    6     55    87    

bg   0     0     0     0     0     0     0     0     0     
     0     0     0     0     0     0     0     0     0     
     0     0     0     0     0     0     0     0     0     
     0     0     0     0     0     0     0     0     0     


Trial #2-------------------------

     A1    A2    A3    B1    B2    B3    C1    C2    C3    

A1   76    63    15    29    24    6     4     3     2     
     76    63    15    29    24    6     4     3     2     
     76    62    15    29    24    6     4     3     2     
     76    62    15    29    24    6     4     3     2     

bg   0     0     0     0     0     0     0     0     0     
     0     0     0     0     0     0     0     0     0     
     0     0     0     0     0     0     0     0     0     
     0     0     0     0     0     0     0     0     0     

A2   40    96    65    14    34    24    3     4     3     
     40    96    65    14    34    24    3     4     3     
     40    95    65    14    34    24    3     4     3     
     40    95    65    14    34    24    3     4     3     

bg   0     0     0     0     0     0     0     0     0     
     0     0     0     0     0     0     0     0     0     
     0     0     0     0     0     0     0     0     0     
     0     0     0     0     0     0     0     0     0     

A3   5     48    87    2     20    30    1     3     4     
     5     48    87    2     20    30    1     3     4     
     5     48    87    2     20    30    1     3     4     
     5     48    86    2     20    30    1     3     4     

bg   0     0     0     0     0     0     0     0     0     
     0     0     0     0     0     0     0     0     0     
     0     0     0     0     0     0     0     0     0     
     0     0     0     0     0     0     0     0     0     

B1   28    23    6     74    61    15    34    30    8     
     28    23    6     74    61    15    34    30    8     
     28    23    6     74    61    15    33    30    8     
     28    23    6     74    61    15    33    30    8     

bg   0     0     0     0     0     0     0     0     0     
     0     0     0     0     0     0     0     0     0     
     0     0     0     0     0     0     0     0     0     
     0     0     0     0     0     0     0     0     0     

B2   14    32    24    38    104   67    19    42    29    
     14    32    24    38    103   67    19    42    29    
     14    32    24    38    103   67    19    42    29    
     14    32    24    38    103   67    19    42    29    

bg   0     0     0     0     0     0     0     0     0     
     0     0     0     0     0     0     0     0     0     
     0     0     0     0     0     0     0     0     0     
     0     0     0     0     0     0     0     0     0     

B3   3     21    33    5     55    89    4     26    40    
     2     21    33    5     55    88    4     26    40    
     2     21    33    5     55    88    4     26    40    
     2     21    33    5     55    88    4     26    40    

bg   0     0     0     0     0     0     0     0     0     
     0     0     0     0     0     0     0     0     0     
     0     0     0     0     0     0     0     0     0     
     0     0     0     0     0     0     0     0     0     

C1   3     3     2     33    30    11    83    78    21    
     3     3     2     33    30    11    83    78    21    
     3     3     2     33    30    11    82    77    20    
     3     3     2     33    30    11    82    77    20    

bg   0     0     0     0     0     0     0     0     0     
     0     0     0     0     0     0     0     0     0     
     0     0     0     0     0     0     0     0     0     
     0     0     0     0     0     0     0     0     0     

C2   2     4     3     19    44    31    51    123   72    
     2     4     3     19    44    32    51    123   72    
     2     4     3     19    44    32    51    123   72    
     2     4     3     19    44    32    51    123   72    

bg   0     0     0     0     0     0     0     0     0     
     0     0     0     0     0     0     0     0     0     
     0     0     0     0     0     0     0     0     0     
     0     0     0     0     0     0     0     0     0     

C3   1     3     4     3     22    36    6     55    88    
     1     3     4     3     22    36    6     55    88    
     1     3     4     3     22    36    6     55    88    
     1     3     4     3     22    36    6     55    88    

bg   0     0     0     0     0     0     0     0     0     
     0     0     0     0     0     0     0     0     0     
     0     0     0     0     0     0     0     0     0     
     0     0     0     0     0     0     0     0     0     


Trial #3-------------------------

     A1    A2    A3    B1    B2    B3    C1    C2    C3    

A1   77    63    15    29    24    6     4     3     2     
     77    63    15    29    24    6     4     3     2     
     77    62    15    29    24    6     4     3     2     
     76    62    15    29    24    6     4     3     2     

bg   0     0     0     0     0     0     0     0     0     
     0     0     0     0     0     0     0     0     0     
     0     0     0     0     0     0     0     0     0     
     0     0     0     0     0     0     0     0     0     

A2   39    96    64    14    34    24    3     4     3     
     39    95    64    14    34    24    3     4     3     
     39    95    64    14    34    24    3     4     3     
     39    95    64    14    34    24    3     4     3     

bg   0     0     0     0     0     0     0     0     0     
     0     0     0     0     0     0     0     0     0     
     0     0     0     0     0     0     0     0     0     
     0     0     0     0     0     0     0     0     0     

A3   4     48    87    2     20    31    1     3     4     
     4     48    87    2     20    31    1     3     4     
     4     48    87    2     20    30    1     3     4     
     5     48    87    2     20    30    1     3     4     

bg   0     0     0     0     0     0     0     0     0     
     0     0     0     0     0     0     0     0     0     
     0     0     0     0     0     0     0     0     0     
     0     0     0     0     0     0     0     0     0     

B1   28    23    6     74    61    15    33    30    8     
     28    23    6     74    61    15    33    30    8     
     28    23    6     74    61    15    33    30    8     
     28    23    6     73    61    15    33    30    8     

bg   0     0     0     0     0     0     0     0     0     
     0     0     0     0     0     0     0     0     0     
     0     0     0     0     0     0     0     0     0     
     0     0     0     0     0     0     0     0     0     

B2   14    32    24    38    103   67    19    42    29    
     14    31    24    38    103   67    19    42    29    
     14    31    24    38    103   66    19    41    29    
     14    31    24    38    103   66    19    41    29    

bg   0     0     0     0     0     0     0     0     0     
     0     0     0     0     0     0     0     0     0     
     0     0     0     0     0     0     0     0     0     
     0     0     0     0     0     0     0     0     0     

B3   3     21    33    5     55    87    4     26    40    
     3     21    33    5     55    87    4     26    40    
     3     21    33    5     55    87    4     26    40    
     3     21    33    5     55    87    4     26    40    

bg   0     0     0     0     0     0     0     0     0     
     0     0     0     0     0     0     0     0     0     
     0     0     0     0     0     0     0     0     0     
     0     0     0     0     0     0     0     0     0     

C1   3     3     2     33    30    10    82    77    20    
     3     3     2     33    30    10    82    77    20    
     3     3     2     33    30    11    82    77    20    
     3     3     2     33    30    11    83    77    20    

bg   0     0     0     0     0     0     0     0     0     
     0     0     0     0     0     0     0     0     0     
     0     0     0     0     0     0     0     0     0     
     0     0     0     0     0     0     0     0     0     

C2   2     4     3     19    44    32    51    123   72    
     2     4     3     19    44    32    51    123   72    
     2     4     3     19    44    32    51    123   72    
     2     4     3     19    44    32    51    123   72    

bg   0     0     0     0     0     0     0     0     0     
     0     0     0     0     0     0     0     0     0     
     0     0     0     0     0     0     0     0     0     
     0     0     0     0     0     0     0     0     0     

C3   1     3     4     3     22    36    6     55    87    
     1     3     4     3     22    36    6     55    88    
     1     3     4     3     22    36    6     55    88    
     1     3     4     3     22    36    6     55    88    

bg   0     0     0     0     0     0     0     0     0     
     0     0     0     0     0     0     0     0     0     
     0     0     0     0     0     0     0     0     0     
     0     0     0     0     0     0     0     0     0     


Trial #4-------------------------

     A1    A2    A3    B1    B2    B3    C1    C2    C3    

A1   77    63    15    29    24    6     4     3     2     
     77    63    15    29    24    6     4     3     2     
     77    63    15    29    24    6     4     3     2     
     76    62    15    29    24    6     4     3     2     

bg   0     0     0     0     0     0     0     0     0     
     0     0     0     0     0     0     0     0     0     
     0     0     0     0     0     0     0     0     0     
     0     0     0     0     0     0     0     0     0     

A2   39    96    65    14    34    24    3     4     3     
     39    96    64    14    34    24    3     4     3     
     39    96    64    14    34    24    3     4     3     
     39    95    64    14    34    24    3     4     3     

bg   0     0     0     0     0     0     0     0     0     
     0     0     0     0     0     0     0     0     0     
     0     0     0     0     0     0     0     0     0     
     0     0     0     0     0     0     0     0     0     

A3   5     48    87    2     20    31    1     3     4     
     5     48    87    2     20    30    1     3     4     
     5     48    87    2     20    30    1     3     4     
     5     48    86    2     20    30    1     3     4     

bg   0     0     0     0     0     0     0     0     0     
     0     0     0     0     0     0     0     0     0     
     0     0     0     0     0     0     0     0     0     
     0     0     0     0     0     0     0     0     0     

B1   28    23    6     74    61    15    33    30    9     
     28    23    6     74    61    15    33    30    9     
     28    23    6     74    61    15    33    30    9     
     28    23    6     74    61    15    33    30    8     

bg   0     0     0     0     0     0     0     0     0     
     0     0     0     0     0     0     0     0     0     
     0     0     0     0     0     0     0     0     0     
     0     0     0     0     0     0     0     0     0     

B2   14    32    24    38    103   67    19    42    29    
     14    32    24    38    103   67    19    42    29    
     14    32    24    38    103   67    19    42    29    
     14    31    24    38    103   67    19    41    29    

bg   0     0     0     0     0     0     0     0     0     
     0     0     0     0     0     0     0     0     0     
     0     0     0     0     0     0     0     0     0     
     0     0     0     0     0     0     0     0     0     

B3   3     21    33    5     55    87    4     26    40    
     3     21    33    5     55    87    4     26    40    
     3     21    33    5     55    87    4     26    40    
     3     21    33    5     55    87    4     26    40    

bg   0     0     0     0     0     0     0     0     0     
     0     0     0     0     0     0     0     0     0     
     0     0     0     0     0     0     0     0     0     
     0     0     0     0     0     0     0     0     0     

C1   3     3     2     33    30    11    83    78    20    
     3     3     2     34    30    11    83    78    20    
     3     3     2     34    30    11    83    77    20    
     3     3     2     33    30    11    83    77    20    

bg   0     0     0     0     0     0     0     0     0     
     0     0     0     0     0     0     0     0     0     
     0     0     0     0     0     0     0     0     0     
     0     0     0     0     0     0     0     0     0     

C2   2     4     3     19    44    32    51    124   72    
     2     4     3     19    44    32    51    123   72    
     2     4     3     19    44    32    51    123   72    
     2     4     3     19    44    32    51    123   72    

bg   0     0     0     0     0     0     0     0     0     
     0     0     0     0     0     0     0     0     0     
     0     0     0     0     0     0     0     0     0     
     0     0     0     0     0     0     0     0     0     

C3   1     3     4     3     22    36    6     55    88    
     1     3     4     3     22    36    6     55    88    
     1     3     4     3     22    36    6     55    88    
     1     3     4     3     22    36    6     55    88    

bg   0     0     0     0     0     0     0     0     0     
     0     0     0     0     0     0     0     0     0     
     0     0     0     0     0     0     0     0     0     
     0     0     0     0     0     0     0     0     0     


