Trial #1-------------------------

     A1    A2    A3    B1    B2    B3    C1    C2    C3    

A1   82    74    18    32    30    8     4     4     2     
     82    73    18    31    30    8     4     4     2     
     81    73    18    31    30    8     4     4     2     
     81    73    18    31    30    8     4     4     2     

bg   0     0     0     0     0     0     0     0     0     
     0     0     0     0     0     0     0     0     0     
     0     0     0     0     0     0     0     0     0     
     0     0     0     0     0     0     0     0     0     

A2   46    117   71    19    46    29    3     5     4     
     46    117   71    19    46    29    3     5     4     
     46    117   71    19    46    29    3     5     4     
     46    116   71    19    46    29    3     5     4     

bg   0     0     0     0     0     0     0     0     0     
     0     0     0     0     0     0     0     0     0     
     0     0     0     0     0     0     0     0     0     
     0     0     0     0     0     0     0     0     0     

A3   6     52    89    3     23    32    2     3     4     
     6     52    89    3     23    32    2     3     4     
     6     52    89    3     23    32    2     3     4     
     6     52    88    3     23    31    2     3     4     

bg   0     0     0     0     0     0     0     0     0     
     0     0     0     0     0     0     0     0     0     
     0     0     0     0     0     0     0     0     0     
     0     0     0     0     0     0     0     0     0     

B1   30    28    8     76    68    17    33    30    9     
     30    28    8     76    67    17    33    30    9     
     30    28    8     76    67    17    33    30    9     
     30    28    8     76    67    17    33    30    9     

bg   0     0     0     0     0     0     0     0     0     
     0     0     0     0     0     0     0     0     0     
     0     0     0     0     0     0     0     0     0     
     0     0     0     0     0     0     0     0     0     

B2   19    45    29    43    120   73    19    43    29    
     19    45    29    43    119   73    19    42    29    
     19    45    29    43    119   73    19    42    29    
     19    45    29    43    119   73    19    42    29    

bg   0     0     0     0     0     0     0     0     0     
     0     0     0     0     0     0     0     0     0     
     0     0     0     0     0     0     0     0     0     
     0     0     0     0     0     0     0     0     0     

B3   4     23    34    6     57    88    4     26    40    
     4     23    34    6     57    88    4     26    40    
     4     23    34    6     57    89    4     26    40    
     4     23    34    6     57    89    4     26    40    

bg   0     0     0     0     0     0     0     0     0     
     0     0     0     0     0     0     0     0     0     
     0     0     0     0     0     0     0     0     0     
     0     0     0     0     0     0     0     0     0     

C1   4     4     2     34    31    11    84    78    21    
     4     4     2     34    31    11    84    78    21    
     4     4     2     34    31    11    84    78    21    
     4     4     2     34    31    11    84    78    21    

bg   0     0     0     0     0     0     0     0     0     
     0     0     0     0     0     0     0     0     0     
     0     0     0     0     0     0     0     0     0     
     0     0     0     0     0     0     0     0     0     

C2   2     4     3     19    45    32    51    124   72    
     2     4     3     19    45    32    51    124   72    
     2     4     3     19    45    32    51    123   72    
     2     4     3     19    45    32    51    123   72    

bg   0     0     0     0     0     0     0     0     0     
     0     0     0     0     0     0     0     0     0     
     0     0     0     0     0     0     0     0     0     
     0     0     0     0     0     0     0     0     0     

C3   1     3     4     3     22    36    6     55    89    
     1     3     4     3     22    36    6     55    89    
     1     3     4     3     23    36    6     55    89    
     1     3     4     3     23    36    6     55    88    

bg   0     0     0     0     0     0     0     0     0     
     0     0     0     0     0     0     0     0     0     
     0     0     0     0     0     0     0     0     0     
     0     0     0     0     0     0     0     0     0     


Trial #2-------------------------

     A1    A2    A3    B1    B2    B3    C1    C2    C3    

A1   81    73    18    31    30    8     4     4     2     
     80    73    18    31    29    8     4     4     2     
     79    72    18    30    29    8     4     3     2     
     78    72    18    30    29    8     4     3     2     

bg   0     0     0     0     0     0     0     0     0     
     0     0     0     0     0     0     0     0     0     
     0     0     0     0     0     0     0     0     0     
     0     0     0     0     0     0     0     0     0     

A2   47    117   72    19    46    29    3     5     4     
     47    117   71    19    46    29    3     5     4     
     47    117   71    19    46    29    3     5     4     
     47    117   71    19    46    29    3     5     4     

bg   0     0     0     0     0     0     0     0     0     
     0     0     0     0     0     0     0     0     0     
     0     0     0     0     0     0     0     0     0     
     0     0     0     0     0     0     0     0     0     

A3   6     52    88    3     23    31    2     3     4     
     6     52    88    3     23    31    2     3     4     
     6     52    88    3     23    31    2     3     4     
     6     52    88    3     23    31    2     3     4     

bg   0     0     0     0     0     0     0     0     0     
     0     0     0     0     0     0     0     0     0     
     0     0     0     0     0     0     0     0     0     
     0     0     0     0     0     0     0     0     0     

B1   30    28    8     77    68    17    34    30    9     
     30    28    8     77    68    17    34    30    9     
     30    28    8     77    68    17    34    30    9     
     31    28    8     77    68    17    34    30    9     

bg   0     0     0     0     0     0     0     0     0     
     0     0     0     0     0     0     0     0     0     
     0     0     0     0     0     0     0     0     0     
     0     0     0     0     0     0     0     0     0     

B2   19    45    30    43    120   73    19    43    30    
     19    45    30    43    119   73    19    42    29    
     19    45    30    43    119   73    19    42    29    
     19    45    29    43    119   73    19    42    29    

bg   0     0     0     0     0     0     0     0     0     
     0     0     0     0     0     0     0     0     0     
     0     0     0     0     0     0     0     0     0     
     0     0     0     0     0     0     0     0     0     

B3   4     23    34    6     58    90    4     26    40    
     4     23    35    6     58    90    4     26    40    
     4     23    35    6     58    90    4     26    41    
     4     23    35    6     58    90    4     26    41    

bg   0     0     0     0     0     0     0     0     0     
     0     0     0     0     0     0     0     0     0     
     0     0     0     0     0     0     0     0     0     
     0     0     0     0     0     0     0     0     0     

C1   4     4     2     34    31    11    84    78    20    
     4     4     2     34    31    11    83    78    20    
     4     4     2     33    31    11    83    77    20    
     4     4     2     33    31    11    82    77    20    

bg   0     0     0     0     0     0     0     0     0     
     0     0     0     0     0     0     0     0     0     
     0     0     0     0     0     0     0     0     0     
     0     0     0     0     0     0     0     0     0     

C2   2     4     3     19    45    32    51    124   72    
     2     4     3     19    45    32    51    124   72    
     2     4     3     19    45    32    51    123   72    
     2     4     3     19    45    32    51    123   72    

bg   0     0     0     0     0     0     0     0     0     
     0     0     0     0     0     0     0     0     0     
     0     0     0     0     0     0     0     0     0     
     0     0     0     0     0     0     0     0     0     

C3   1     3     4     3     23    36    6     55    88    
     1     3     4     3     23    36    6     55    88    
     1     3     4     3     23    36    6     55    87    
     1     3     4     3     23    36    6     55    87    

bg   0     0     0     0     0     0     0     0     0     
     0     0     0     0     0     0     0     0     0     
     0     0     0     0     0     0     0     0     0     
     0     0     0     0     0     0     0     0     0     


Trial #3-------------------------

     A1    A2    A3    B1    B2    B3    C1    C2    C3    

A1   80    73    18    31    29    8     4     4     2     
     79    73    18    30    29    8     4     4     2     
     79    72    18    30    29    8     4     3     2     
     79    72    18    31    29    8     4     3     2     

bg   0     0     0     0     0     0     0     0     0     
     0     0     0     0     0     0     0     0     0     
     0     0     0     0     0     0     0     0     0     
     0     0     0     0     0     0     0     0     0     

A2   46    116   71    19    46    29    3     5     4     
     46    116   71    18    46    29    3     5     4     
     46    116   71    18    46    29    3     5     4     
     46    116   71    18    46    29    3     5     4     

bg   0     0     0     0     0     0     0     0     0     
     0     0     0     0     0     0     0     0     0     
     0     0     0     0     0     0     0     0     0     
     0     0     0     0     0     0     0     0     0     

A3   6     52    88    3     23    31    2     3     4     
     6     52    89    3     23    32    2     3     4     
     6     52    89    3     23    32    2     3     4     
     6     52    89    3     23    32    2     3     4     

bg   0     0     0     0     0     0     0     0     0     
     0     0     0     0     0     0     0     0     0     
     0     0     0     0     0     0     0     0     0     
     0     0     0     0     0     0     0     0     0     

B1   30    28    8     77    67    17    34    30    9     
     30    28    8     77    67    17    34    30    9     
     30    28    8     76    67    17    34    30    9     
     30    28    8     76    67    17    34    30    9     

bg   0     0     0     0     0     0     0     0     0     
     0     0     0     0     0     0     0     0     0     
     0     0     0     0     0     0     0     0     0     
     0     0     0     0     0     0     0     0     0     

B2   19    45    29    43    119   72    19    42    29    
     19    45    29    43    118   72    19    42    29    
     19    45    29    43    118   72    19    42    29    
     19    45    29    43    118   72    19    42    29    

bg   0     0     0     0     0     0     0     0     0     
     0     0     0     0     0     0     0     0     0     
     0     0     0     0     0     0     0     0     0     
     0     0     0     0     0     0     0     0     0     

B3   3     23    34    6     57    90    4     26    40    
     3     23    34    6     57    89    4     26    40    
     4     23    34    6     57    89    4     26    40    
     4     23    34    6     57    88    4     26    40    

bg   0     0     0     0     0     0     0     0     0     
     0     0     0     0     0     0     0     0     0     
     0     0     0     0     0     0     0     0     0     
     0     0     0     0     0     0     0     0     0     

C1   4     4     2     33    31    11    82    77    20    
     4     4     2     33    31    11    82    77    20    
     4     4     2     33    31    11    82    77    20    
     4     4     2     33    31    11    82    77    20    

bg   0     0     0     0     0     0     0     0     0     
     0     0     0     0     0     0     0     0     0     
     0     0     0     0     0     0     0     0     0     
     0     0     0     0     0     0     0     0     0     

C2   2     4     3     19    44    32    51    123   72    
     2     4     3     19    44    32    51    123   72    
     2     4     3     19    44    32    51    123   72    
     2     4     3     19    44    32    50    122   72    

bg   0     0     0     0     0     0     0     0     0     
     0     0     0     0     0     0     0     0     0     
     0     0     0     0     0     0     0     0     0     
     0     0     0     0     0     0     0     0     0     

C3   1     3     4     3     22    35    6     55    87    
     1     3     4     3     22    35    6     55    87    
     1     3     4     3     22    35    6     55    87    
     1     3     4     3     22    36    6     55    87    

bg   0     0     0     0     0     0     0     0     0     
     0     0     0     0     0     0     0     0     0     
     0     0     0     0     0     0     0     0     0     
     0     0     0     0     0     0     0     0     0     


Trial #4-------------------------

     A1    A2    A3    B1    B2    B3    C1    C2    C3    

A1   80    73    18    31    30    8     4     4     2     
     81    73    18    31    30    8     4     4     2     
     81    73    18    31    29    8     4     4     2     
     80    73    18    31    29    8     4     4     2     

bg   0     0     0     0     0     0     0     0     0     
     0     0     0     0     0     0     0     0     0     
     0     0     0     0     0     0     0     0     0     
     0     0     0     0     0     0     0     0     0     

A2   46    117   71    19    46    29    3     5     4     
     46    116   71    19    46    29    3     5     4     
     46    116   71    19    46    29    3     5     4     
     46    116   71    19    46    29    3     5     4     

bg   0     0     0     0     0     0     0     0     0     
     0     0     0     0     0     0     0     0     0     
     0     0     0     0     0     0     0     0     0     
     0     0     0     0     0     0     0     0     0     

A3   6     52    89    3     23    32    2     3     4     
     6     52    89    3     23    32    2     3     4     
     6     52    89    3     22    32    2     3     4     
     6     52    89    3     23    32    2     3     4     

bg   0     0     0     0     0     0     0     0     0     
     0     0     0     0     0     0     0     0     0     
     0     0     0     0     0     0     0     0     0     
     0     0     0     0     0     0     0     0     0     

B1   30    28    8     77    68    17    34    30    9     
     30    28    8     76    67    17    34    30    9     
     30    28    8     76    67    17    33    30    9     
     30    28    8     76    67    17    33    30    9     

bg   0     0     0     0     0     0     0     0     0     
     0     0     0     0     0     0     0     0     0     
     0     0     0     0     0     0     0     0     0     
     0     0     0     0     0     0     0     0     0     

B2   19    45    29    43    119   72    19    42    29    
     19    45    29    43    119   72    19    42    29    
     19    45    29    43    119   72    19    42    29    
     19    45    29    43    118   72    19    42    29    

bg   0     0     0     0     0     0     0     0     0     
     0     0     0     0     0     0     0     0     0     
     0     0     0     0     0     0     0     0     0     
     0     0     0     0     0     0     0     0     0     

B3   3     23    34    6     57    89    4     26    40    
     4     23    34    6     57    89    4     26    40    
     4     23    34    6     57    88    4     26    40    
     4     23    34    6     57    88    4     26    40    

bg   0     0     0     0     0     0     0     0     0     
     0     0     0     0     0     0     0     0     0     
     0     0     0     0     0     0     0     0     0     
     0     0     0     0     0     0     0     0     0     

C1   3     4     2     33    31    11    82    77    20    
     4     4     2     33    31    11    82    77    20    
     4     4     2     33    31    11    83    77    20    
     4     4     2     33    31    11    83    77    20    

bg   0     0     0     0     0     0     0     0     0     
     0     0     0     0     0     0     0     0     0     
     0     0     0     0     0     0     0     0     0     
     0     0     0     0     0     0     0     0     0     

C2   2     4     3     19    44    32    51    123   72    
     2     4     3     19    44    32    51    123   72    
     2     4     3     19    44    32    51    123   72    
     2     4     3     19    44    32    51    123   72    

bg   0     0     0     0     0     0     0     0     0     
     0     0     0     0     0     0     0     0     0     
     0     0     0     0     0     0     0     0     0     
     0     0     0     0     0     0     0     0     0     

C3   1     3     4     3     22    36    6     55    88    
     1     3     4     3     22    36    6     55    88    
     1     3     4     3     22    36    6     55    88    
     1     3     4     3     23    36    6     55    88    

bg   0     0     0     0     0     0     0     0     0     
     0     0     0     0     0     0     0     0     0     
     0     0     0     0     0     0     0     0     0     
     0     0     0     0     0     0     0     0     0     


