Trial #1-------------------------

     A1    A2    A3    B1    B2    B3    C1    C2    C3    

A1   76    72    19    28    29    8     4     3     2     
     76    71    19    28    29    8     4     3     2     
     76    71    19    28    29    8     4     3     2     
     76    71    19    28    29    8     4     3     2     

bg   0     0     0     0     0     0     0     0     0     
     0     0     0     0     0     0     0     0     0     
     0     0     0     0     0     0     0     0     0     
     0     0     0     0     0     0     0     0     0     

A2   46    114   70    19    46    29    3     4     4     
     46    114   70    19    46    29    3     4     4     
     46    114   70    19    46    29    3     4     4     
     46    114   70    19    46    29    3     4     4     

bg   0     0     0     0     0     0     0     0     0     
     0     0     0     0     0     0     0     0     0     
     0     0     0     0     0     0     0     0     0     
     0     0     0     0     0     0     0     0     0     

A3   7     52    85    3     23    31    1     3     4     
     7     52    85    3     23    31    1     3     4     
     7     52    85    3     23    31    1     3     4     
     7     52    85    3     23    31    1     3     4     

bg   0     0     0     0     0     0     0     0     0     
     0     0     0     0     0     0     0     0     0     
     0     0     0     0     0     0     0     0     0     
     0     0     0     0     0     0     0     0     0     

B1   28    27    7     48    48    13    20    20    6     
     28    27    7     48    48    13    20    20    6     
     28    27    7     48    48    13    20    19    6     
     28    27    7     48    48    13    20    19    6     

bg   0     0     0     0     0     0     0     0     0     
     0     0     0     0     0     0     0     0     0     
     0     0     0     0     0     0     0     0     0     
     0     0     0     0     0     0     0     0     0     

B2   18    45    29    28    97    66    10    31    25    
     18    45    29    28    97    66    10    31    25    
     19    45    29    28    97    65    10    31    25    
     19    45    29    28    97    65    10    31    25    

bg   0     0     0     0     0     0     0     0     0     
     0     0     0     0     0     0     0     0     0     
     0     0     0     0     0     0     0     0     0     
     0     0     0     0     0     0     0     0     0     

B3   4     23    34    4     52    86    3     23    39    
     4     23    34    4     52    86    3     23    39    
     4     23    34    4     52    86    3     23    39    
     4     23    34    4     52    85    3     23    38    

bg   0     0     0     0     0     0     0     0     0     
     0     0     0     0     0     0     0     0     0     
     0     0     0     0     0     0     0     0     0     
     0     0     0     0     0     0     0     0     0     

C1   3     3     2     18    18    8     71    69    18    
     3     3     2     18    18    8     71    68    18    
     3     3     2     18    18    8     71    68    18    
     3     3     2     18    18    8     71    68    18    

bg   0     0     0     0     0     0     0     0     0     
     0     0     0     0     0     0     0     0     0     
     0     0     0     0     0     0     0     0     0     
     0     0     0     0     0     0     0     0     0     

C2   2     4     3     12    33    28    45    117   70    
     2     4     3     12    33    28    45    117   70    
     2     4     3     12    33    28    45    117   70    
     2     4     3     12    33    28    45    116   70    

bg   0     0     0     0     0     0     0     0     0     
     0     0     0     0     0     0     0     0     0     
     0     0     0     0     0     0     0     0     0     
     0     0     0     0     0     0     0     0     0     

C3   1     3     4     2     21    35    5     53    86    
     1     3     4     2     21    35    5     53    86    
     1     3     4     2     21    35    5     53    86    
     1     3     4     2     21    35    5     53    86    

bg   0     0     0     0     0     0     0     0     0     
     0     0     0     0     0     0     0     0     0     
     0     0     0     0     0     0     0     0     0     
     0     0     0     0     0     0     0     0     0     


Trial #2-------------------------

     A1    A2    A3    B1    B2    B3    C1    C2    C3    

A1   77    72    19    29    29    9     4     3     2     
     77    72    19    29    29    9     4     3     2     
     76    71    19    29    29    8     4     3     2     
     76    71    19    29    29    8     4     3     2     

bg   0     0     0     0     0     0     0     0     0     
     0     0     0     0     0     0     0     0     0     
     0     0     0     0     0     0     0     0     0     
     0     0     0     0     0     0     0     0     0     

A2   47    115   70    19    47    29    3     4     4     
     47    114   70    19    46    29    3     4     4     
     47    114   70    19    46    29    3     4     4     
     47    114   70    19    46    29    3     4     4     

bg   0     0     0     0     0     0     0     0     0     
     0     0     0     0     0     0     0     0     0     
     0     0     0     0     0     0     0     0     0     
     0     0     0     0     0     0     0     0     0     

A3   7     52    85    3     23    32    1     3     4     
     7     52    85    3     23    32    1     3     4     
     7     52    85    3     23    32    1     3     4     
     7     52    85    3     23    31    1     3     4     

bg   0     0     0     0     0     0     0     0     0     
     0     0     0     0     0     0     0     0     0     
     0     0     0     0     0     0     0     0     0     
     0     0     0     0     0     0     0     0     0     

B1   28    26    7     48    47    13    20    19    6     
     28    26    7     48    47    13    20    19    6     
     28    26    7     48    47    13    20    19    6     
     28    26    7     47    47    13    20    19    6     

bg   0     0     0     0     0     0     0     0     0     
     0     0     0     0     0     0     0     0     0     
     0     0     0     0     0     0     0     0     0     
     0     0     0     0     0     0     0     0     0     

B2   19    45    29    28    97    66    10    31    25    
     19    45    29    28    97    65    10    31    25    
     19    44    29    28    97    65    10    31    25    
     19    45    29    28    96    65    10    31    25    

bg   0     0     0     0     0     0     0     0     0     
     0     0     0     0     0     0     0     0     0     
     0     0     0     0     0     0     0     0     0     
     0     0     0     0     0     0     0     0     0     

B3   4     23    34    4     52    86    3     24    39    
     4     23    34    4     52    86    3     24    38    
     4     23    34    4     52    85    3     23    38    
     4     23    34    4     52    85    3     23    38    

bg   0     0     0     0     0     0     0     0     0     
     0     0     0     0     0     0     0     0     0     
     0     0     0     0     0     0     0     0     0     
     0     0     0     0     0     0     0     0     0     

C1   3     3     2     19    18    8     71    69    18    
     3     3     2     19    18    8     71    69    18    
     3     3     2     19    18    8     71    69    18    
     3     3     2     19    18    8     71    69    18    

bg   0     0     0     0     0     0     0     0     0     
     0     0     0     0     0     0     0     0     0     
     0     0     0     0     0     0     0     0     0     
     0     0     0     0     0     0     0     0     0     

C2   2     4     3     12    33    28    45    117   70    
     2     4     3     12    33    28    45    117   70    
     2     4     3     12    33    28    45    117   70    
     2     4     3     12    33    28    45    117   70    

bg   0     0     0     0     0     0     0     0     0     
     0     0     0     0     0     0     0     0     0     
     0     0     0     0     0     0     0     0     0     
     0     0     0     0     0     0     0     0     0     

C3   1     3     4     2     21    35    5     53    86    
     1     3     4     2     21    35    5     53    87    
     1     3     4     2     21    35    5     53    87    
     1     3     4     2     21    35    5     53    87    

bg   0     0     0     0     0     0     0     0     0     
     0     0     0     0     0     0     0     0     0     
     0     0     0     0     0     0     0     0     0     
     0     0     0     0     0     0     0     0     0     


Trial #3-------------------------

     A1    A2    A3    B1    B2    B3    C1    C2    C3    

A1   77    72    19    29    29    9     4     3     2     
     77    72    19    29    29    9     4     3     2     
     76    72    19    29    29    9     4     3     2     
     76    71    19    28    29    8     4     3     2     

bg   0     0     0     0     0     0     0     0     0     
     0     0     0     0     0     0     0     0     0     
     0     0     0     0     0     0     0     0     0     
     0     0     0     0     0     0     0     0     0     

A2   47    115   70    19    47    29    3     4     4     
     47    115   70    19    47    29    3     4     4     
     47    115   70    19    47    29    3     4     4     
     47    115   70    19    47    29    3     4     4     

bg   0     0     0     0     0     0     0     0     0     
     0     0     0     0     0     0     0     0     0     
     0     0     0     0     0     0     0     0     0     
     0     0     0     0     0     0     0     0     0     

A3   7     52    85    3     23    32    1     3     4     
     7     52    85    3     23    32    1     3     4     
     7     52    85    3     23    31    1     3     4     
     7     52    85    3     23    31    1     3     4     

bg   0     0     0     0     0     0     0     0     0     
     0     0     0     0     0     0     0     0     0     
     0     0     0     0     0     0     0     0     0     
     0     0     0     0     0     0     0     0     0     

B1   28    26    7     48    47    13    20    19    6     
     28    26    7     48    47    13    20    19    6     
     28    26    7     48    47    13    20    19    6     
     28    26    7     48    47    13    20    19    6     

bg   0     0     0     0     0     0     0     0     0     
     0     0     0     0     0     0     0     0     0     
     0     0     0     0     0     0     0     0     0     
     0     0     0     0     0     0     0     0     0     

B2   19    45    29    28    97    66    10    31    25    
     19    45    29    28    97    66    10    31    25    
     19    45    29    28    97    65    10    31    25    
     19    45    29    28    96    65    10    31    25    

bg   0     0     0     0     0     0     0     0     0     
     0     0     0     0     0     0     0     0     0     
     0     0     0     0     0     0     0     0     0     
     0     0     0     0     0     0     0     0     0     

B3   4     23    34    4     53    86    3     24    39    
     4     23    34    4     53    86    3     24    39    
     4     23    34    4     52    86    3     24    39    
     4     23    34    4     52    86    3     24    39    

bg   0     0     0     0     0     0     0     0     0     
     0     0     0     0     0     0     0     0     0     
     0     0     0     0     0     0     0     0     0     
     0     0     0     0     0     0     0     0     0     

C1   3     3     2     19    18    8     72    69    18    
     3     3     2     19    18    8     72    69    18    
     3     3     2     19    18    8     72    69    18    
     3     3     2     19    18    8     72    69    18    

bg   0     0     0     0     0     0     0     0     0     
     0     0     0     1     0     0     0     0     0     
     0     0     0     0     0     0     0     0     0     
     0     0     0     0     0     0     0     0     0     

C2   2     4     3     12    34    28    45    117   70    
     2     4     3     12    34    28    45    117   70    
     2     4     3     12    34    28    45    117   70    
     2     4     3     12    34    28    45    117   70    

bg   0     0     0     0     0     0     0     0     0     
     0     0     0     0     0     0     0     0     0     
     0     0     0     0     0     0     0     0     0     
     0     0     0     1     0     0     0     0     0     

C3   2     3     4     3     21    35    6     53    86    
     2     3     4     3     21    35    6     53    86    
     2     3     4     3     21    35    6     53    86    
     2     3     4     3     21    35    6     53    86    

bg   0     0     0     0     0     0     0     0     0     
     0     0     0     1     0     0     0     0     0     
     0     0     0     0     0     0     0     0     0     
     0     0     0     0     0     0     0     0     0     


Trial #4-------------------------

     A1    A2    A3    B1    B2    B3    C1    C2    C3    

A1   77    72    19    29    29    9     4     3     2     
     77    72    19    29    29    9     4     3     2     
     76    72    19    29    29    9     4     3     2     
     76    71    19    29    29    9     4     3     2     

bg   0     0     0     0     0     0     0     0     0     
     0     0     0     0     0     0     0     0     0     
     0     0     0     0     0     0     0     0     0     
     0     0     0     0     0     0     0     0     0     

A2   47    114   70    19    46    29    3     4     4     
     47    114   70    19    46    29    3     4     4     
     47    114   70    19    46    29    3     4     4     
     47    114   70    19    46    29    3     4     4     

bg   0     0     0     0     0     0     0     0     0     
     0     0     0     0     0     0     0     0     0     
     0     0     0     0     0     0     0     0     0     
     0     0     0     0     0     0     0     0     0     

A3   7     52    85    3     23    31    2     3     4     
     7     52    84    3     23    31    2     3     4     
     7     52    84    3     23    31    2     3     4     
     7     52    84    3     23    31    2     3     4     

bg   0     0     0     0     0     0     0     0     0     
     0     0     0     0     0     0     0     0     0     
     0     0     0     0     0     0     0     0     0     
     0     0     0     0     0     0     0     0     0     

B1   28    27    7     48    48    13    20    19    6     
     28    27    7     48    47    13    20    19    6     
     28    27    7     48    47    13    20    19    6     
     28    27    7     48    47    13    20    19    6     

bg   0     0     0     0     0     0     0     0     0     
     0     0     0     0     0     0     0     0     0     
     0     0     0     0     0     0     0     0     0     
     0     0     0     0     0     0     0     0     0     

B2   19    44    29    28    96    65    10    31    25    
     19    44    29    28    96    65    10    31    25    
     19    44    29    28    96    65    10    31    25    
     19    44    29    28    96    65    10    31    25    

bg   0     0     0     0     0     0     0     0     0     
     0     0     0     0     0     0     0     0     0     
     0     0     0     0     0     0     0     0     0     
     0     0     0     0     0     0     0     0     0     

B3   4     23    34    4     53    86    3     24    39    
     4     23    34    4     52    86    3     24    39    
     4     23    34    4     52    86    3     24    39    
     4     23    34    4     52    86    3     24    39    

bg   0     0     0     0     0     0     0     0     0     
     0     0     0     0     0     0     0     0     0     
     0     0     0     0     0     0     0     0     0     
     0     0     0     0     0     0     0     0     0     

C1   3     3     2     19    18    8     72    69    18    
     3     3     2     19    18    8     72    69    18    
     3     3     2     19    18    8     72    69    18    
     3     3     2     19    18    8     72    69    18    

bg   0     0     0     0     0     0     0     0     0     
     0     0     0     0     0     0     0     0     0     
     0     0     0     0     0     0     0     0     0     
     0     0     0     0     0     0     0     0     0     

C2   2     4     3     12    33    28    45    116   70    
     2     4     3     12    33    28    45    116   69    
     2     4     3     12    33    28    45    116   69    
     2     4     3     12    33    28    45    116   69    

bg   0     0     0     0     0     0     0     0     0     
     0     0     0     1     0     0     0     0     0     
     0     0     0     0     0     0     0     0     0     
     0     0     0     0     0     0     0     0     0     

C3   2     3     4     3     21    35    6     53    86    
     2     3     4     3     21    35    6     53    86    
     2     3     4     3     21    35    6     53    86    
     2     3     4     3     21    35    6     53    86    

bg   0     0     0     0     0     0     0     0     0     
     0     0     0     0     0     0     0     0     0     
     0     0     0     0     0     0     0     0     0     
     0     0     0     0     0     0     0     0     0     


