Trial #1-------------------------

     A1    A2    A3    B1    B2    B3    C1    C2    C3    

A1   76    72    19    29    29    9     4     3     2     
     76    72    19    29    29    9     4     3     2     
     76    72    19    29    29    9     4     3     2     
     76    72    19    29    29    9     4     3     2     

bg   0     0     0     0     0     0     0     0     0     
     0     0     0     0     0     0     0     0     0     
     0     0     0     0     0     0     0     0     0     
     0     0     0     0     0     0     0     0     0     

A2   47    114   70    19    46    29    3     4     3     
     47    114   70    19    46    29    3     4     3     
     47    114   70    19    46    29    3     4     3     
     47    114   70    19    46    29    3     4     3     

bg   0     0     0     0     0     0     0     0     0     
     0     0     0     0     0     0     0     0     0     
     0     0     0     0     0     0     0     0     0     
     0     0     0     0     0     0     0     0     0     

A3   7     52    85    3     23    31    2     3     4     
     7     52    85    3     23    31    2     3     4     
     7     52    85    3     23    31    2     3     4     
     7     52    85    3     23    32    2     3     4     

bg   0     0     0     0     0     0     0     0     0     
     0     0     0     0     0     0     0     0     0     
     0     0     0     0     0     0     0     0     0     
     0     0     0     0     0     0     0     0     0     

B1   29    27    8     51    51    14    22    21    6     
     29    27    8     51    51    14    22    21    6     
     29    27    8     51    51    14    22    21    6     
     29    27    8     51    51    14    22    21    6     

bg   0     0     0     0     0     0     0     0     0     
     0     0     0     0     0     0     0     0     0     
     0     0     0     0     0     0     0     0     0     
     0     0     0     0     0     0     0     0     0     

B2   19    44    29    31    97    63    12    31    24    
     19    44    29    31    97    63    12    31    24    
     19    45    29    31    96    63    12    31    24    
     19    44    29    31    96    63    12    31    24    

bg   0     0     0     0     0     0     0     0     0     
     0     0     0     0     0     0     0     0     0     
     0     0     0     0     0     0     0     0     0     
     0     0     0     0     0     0     0     0     0     

B3   4     23    33    5     49    84    3     22    38    
     4     23    33    5     49    84    3     22    38    
     4     23    33    5     49    84    3     22    37    
     4     23    33    5     49    83    3     22    37    

bg   0     0     0     0     0     0     0     0     0     
     0     0     0     0     0     0     0     0     0     
     0     0     0     0     0     0     0     0     0     
     0     0     0     0     0     0     0     0     0     

C1   3     3     2     20    20    8     73    70    18    
     3     3     2     20    20    8     73    70    18    
     3     3     2     20    20    8     72    70    18    
     3     3     2     20    20    8     72    70    18    

bg   0     0     0     0     0     0     0     0     0     
     0     0     0     0     0     0     0     0     0     
     0     0     0     0     0     0     0     0     0     
     0     0     0     0     0     0     0     0     0     

C2   3     4     3     14    33    27    47    117   69    
     3     4     3     14    33    27    47    117   69    
     2     4     3     14    33    27    47    117   69    
     3     4     3     14    33    27    47    116   69    

bg   0     0     0     0     0     0     0     0     0     
     0     0     0     0     0     0     0     0     0     
     0     0     0     0     0     0     0     0     0     
     0     0     0     0     0     0     0     0     0     

C3   2     3     4     3     19    33    6     52    84    
     2     3     4     3     19    33    6     52    84    
     2     3     4     3     19    33    6     52    85    
     2     3     4     3     19    34    6     52    85    

bg   0     0     0     0     0     0     0     0     0     
     0     0     0     0     0     0     0     0     0     
     0     0     0     0     0     0     0     0     0     
     0     0     0     0     0     0     0     0     0     


Trial #2-------------------------

     A1    A2    A3    B1    B2    B3    C1    C2    C3    

A1   78    72    19    29    29    9     4     3     2     
     78    72    19    29    29    9     4     3     2     
     78    72    19    29    29    9     4     3     2     
     77    72    19    29    29    9     4     3     2     

bg   0     0     0     0     0     0     0     0     0     
     0     0     0     0     0     0     0     0     0     
     0     0     0     0     0     0     0     0     0     
     0     0     0     0     0     0     0     0     0     

A2   47    115   70    19    47    29    3     4     3     
     47    115   70    19    47    29    3     4     3     
     47    114   70    19    46    29    3     4     3     
     47    114   70    19    46    29    3     4     3     

bg   0     0     0     0     0     0     0     0     0     
     0     0     0     0     0     0     0     0     0     
     0     0     0     0     0     0     0     0     0     
     0     0     0     0     0     0     0     0     0     

A3   7     52    86    3     23    32    2     3     4     
     7     52    86    3     23    32    2     3     4     
     7     52    86    3     23    32    2     3     4     
     7     52    85    3     23    32    2     3     4     

bg   0     0     0     0     0     0     0     0     0     
     0     0     0     0     0     0     0     0     0     
     0     0     0     0     0     0     0     0     0     
     0     0     0     0     0     0     0     0     0     

B1   29    27    7     50    50    13    22    21    6     
     29    27    7     50    50    13    22    21    6     
     28    27    7     50    50    13    22    21    6     
     28    27    7     50    50    13    22    21    6     

bg   0     0     0     0     0     0     0     0     0     
     0     0     0     0     0     0     0     0     0     
     0     0     0     0     0     0     0     0     0     
     0     0     0     0     0     0     0     0     0     

B2   19    45    29    31    97    63    12    31    24    
     19    45    29    31    97    63    12    31    24    
     19    45    29    31    96    63    12    31    24    
     19    44    29    31    96    63    12    31    24    

bg   0     0     0     0     0     0     0     0     0     
     0     0     0     0     0     0     0     0     0     
     0     0     0     0     0     0     0     0     0     
     0     0     0     1     0     0     0     0     0     

B3   4     23    33    5     49    83    3     22    37    
     4     23    33    5     49    83    3     22    37    
     4     23    33    5     49    83    3     22    37    
     4     23    33    5     49    83    3     22    37    

bg   0     0     0     0     0     0     0     0     0     
     0     0     0     0     0     0     0     0     0     
     0     0     0     0     0     0     0     0     0     
     0     0     0     0     0     0     0     0     0     

C1   3     3     2     20    20    8     73    70    18    
     3     3     2     20    20    8     73    70    18    
     3     3     2     20    20    8     73    70    18    
     3     3     2     20    20    8     73    70    18    

bg   0     0     0     0     0     0     0     0     0     
     0     0     0     0     0     0     0     0     0     
     0     0     0     0     0     0     0     0     0     
     0     0     0     0     0     0     0     0     0     

C2   2     4     3     14    33    27    47    117   69    
     2     4     3     14    33    27    47    117   69    
     2     4     3     14    33    27    47    117   69    
     2     4     3     14    33    27    47    117   69    

bg   0     0     0     0     0     0     0     0     0     
     0     0     0     0     0     0     0     0     0     
     0     0     0     0     0     0     0     0     0     
     0     0     0     0     0     0     0     0     0     

C3   2     3     4     3     19    34    6     52    85    
     2     3     4     2     19    34    6     52    85    
     2     3     4     3     19    34    6     52    86    
     2     3     4     3     19    34    6     52    86    

bg   0     0     0     0     0     0     0     0     0     
     0     0     0     0     0     0     0     0     0     
     0     0     0     0     0     0     0     0     0     
     0     0     0     0     0     0     0     0     0     


Trial #3-------------------------

     A1    A2    A3    B1    B2    B3    C1    C2    C3    

A1   77    72    19    29    29    8     4     3     2     
     77    72    19    29    29    8     4     3     2     
     77    71    19    29    29    8     4     3     2     
     76    71    19    29    29    8     4     3     2     

bg   0     0     0     0     0     0     0     0     0     
     0     0     0     0     0     0     0     0     0     
     0     0     0     0     0     0     0     0     0     
     0     0     0     0     0     0     0     0     0     

A2   47    115   70    19    47    29    3     4     4     
     47    115   70    19    47    29    3     4     3     
     47    114   70    19    47    29    3     4     3     
     47    114   70    19    46    29    3     4     3     

bg   0     0     0     0     0     0     0     0     0     
     0     0     0     0     0     0     0     0     0     
     0     0     0     0     0     0     0     0     0     
     0     0     0     0     0     0     0     0     0     

A3   7     52    85    3     23    31    1     3     4     
     7     52    85    3     23    31    1     3     4     
     7     52    85    3     23    31    1     3     4     
     7     52    84    3     23    31    1     3     4     

bg   0     0     0     0     0     0     0     0     0     
     0     0     0     0     0     0     0     0     0     
     0     0     0     0     0     0     0     0     0     
     0     0     0     0     0     0     0     0     0     

B1   28    27    7     50    50    13    22    21    6     
     28    27    7     50    50    13    22    21    6     
     28    27    7     50    50    13    22    21    6     
     28    27    7     50    50    13    22    21    6     

bg   0     0     0     0     0     0     0     0     0     
     0     0     0     0     0     0     0     0     0     
     0     0     0     0     0     0     0     0     0     
     0     0     0     0     0     0     0     0     0     

B2   19    44    29    31    96    63    12    31    24    
     19    44    29    30    96    63    12    31    24    
     19    44    29    30    96    63    12    31    24    
     19    44    29    30    96    63    12    31    24    

bg   0     0     0     0     0     0     0     0     0     
     0     0     0     0     0     0     0     0     0     
     0     0     0     0     0     0     0     0     0     
     0     0     0     0     0     0     0     0     0     

B3   4     23    33    4     49    83    3     22    37    
     4     23    33    4     49    83    3     22    37    
     4     23    33    4     49    83    3     22    37    
     4     23    33    4     49    83    3     22    37    

bg   0     0     0     0     0     0     0     0     0     
     0     0     0     0     0     0     0     0     0     
     0     0     0     0     0     0     0     0     0     
     0     0     0     0     0     0     0     0     0     

C1   3     3     2     20    20    8     73    70    18    
     3     3     2     20    20    8     73    70    18    
     3     3     2     20    20    8     73    70    18    
     3     3     2     20    20    8     73    70    18    

bg   0     0     0     0     0     0     0     0     0     
     0     0     0     0     0     0     0     0     0     
     0     0     0     0     0     0     0     0     0     
     0     0     0     0     0     0     0     0     0     

C2   2     4     3     14    33    26    46    116   69    
     2     4     3     14    33    26    46    116   68    
     2     4     3     14    33    26    46    116   68    
     2     4     3     14    33    26    46    116   68    

bg   0     0     0     0     0     0     0     0     0     
     0     0     0     0     0     0     0     0     0     
     0     0     0     0     0     0     0     0     0     
     0     0     0     0     0     0     0     0     0     

C3   1     3     4     2     19    34    5     52    86    
     1     3     4     2     19    34    6     52    86    
     1     3     4     2     19    34    6     52    86    
     1     3     4     2     19    34    6     52    86    

bg   0     0     0     0     0     0     0     0     0     
     0     0     0     0     0     0     0     0     0     
     0     0     0     0     0     0     0     0     0     
     0     0     0     0     0     0     0     0     0     


Trial #4-------------------------

     A1    A2    A3    B1    B2    B3    C1    C2    C3    

A1   77    72    19    29    29    9     4     3     2     
     76    72    19    29    29    8     4     3     2     
     76    71    19    28    29    8     4     3     2     
     76    71    19    28    29    8     4     3     2     

bg   0     0     0     0     0     0     0     0     0     
     0     0     0     0     0     0     0     0     0     
     0     0     0     0     0     0     0     0     0     
     0     0     0     0     0     0     0     0     0     

A2   47    114   70    19    46    29    3     4     3     
     47    114   70    19    46    29    3     4     3     
     47    114   70    19    46    29    3     4     3     
     46    114   70    19    46    29    3     4     3     

bg   0     0     0     0     0     0     0     0     0     
     0     0     0     0     0     0     0     0     0     
     0     0     0     0     0     0     0     0     0     
     0     0     0     0     0     0     0     0     0     

A3   7     52    85    3     23    31    2     3     4     
     7     52    84    3     23    31    2     3     4     
     7     52    84    3     23    31    2     3     4     
     7     52    84    3     23    31    2     3     4     

bg   0     0     0     0     0     0     0     0     0     
     0     0     0     0     0     0     0     0     0     
     0     0     0     0     0     0     0     0     0     
     0     0     0     0     0     0     0     0     0     

B1   29    27    8     50    51    14    22    21    6     
     29    27    8     50    51    14    22    21    6     
     29    27    8     51    51    14    22    21    6     
     29    27    8     51    51    14    22    21    6     

bg   0     0     0     0     0     0     0     0     0     
     0     0     0     0     0     0     0     0     0     
     0     0     0     0     0     0     0     0     0     
     0     0     0     0     0     0     0     0     0     

B2   19    45    29    31    97    63    12    31    24    
     19    45    29    31    96    63    12    31    24    
     19    45    29    31    96    63    12    31    24    
     19    45    29    31    96    63    12    31    24    

bg   0     0     0     0     0     0     0     0     0     
     0     0     0     0     0     0     0     0     0     
     0     0     0     0     0     0     0     0     0     
     0     0     0     0     0     0     0     0     0     

B3   4     23    33    4     50    84    3     22    37    
     4     23    34    4     49    84    3     22    38    
     4     23    34    4     49    84    3     22    38    
     4     23    34    4     49    84    3     22    37    

bg   0     0     0     0     0     0     0     0     0     
     0     0     0     0     0     0     0     0     0     
     0     0     0     0     0     0     0     0     0     
     0     0     0     0     0     0     0     0     0     

C1   3     3     2     20    20    8     73    70    18    
     3     3     2     20    20    8     73    70    18    
     3     3     2     20    20    8     73    70    18    
     3     3     2     20    20    8     72    70    18    

bg   0     0     0     0     0     0     0     0     0     
     0     0     0     0     0     0     0     0     0     
     0     0     0     0     0     0     0     0     0     
     0     0     0     0     0     0     0     0     0     

C2   2     4     3     14    33    27    46    116   69    
     2     4     3     14    33    27    46    116   69    
     2     4     3     14    33    27    46    116   68    
     2     4     3     14    33    27    46    116   68    

bg   0     0     0     0     0     0     0     0     0     
     0     0     0     0     0     0     0     0     0     
     0     0     0     0     0     0     0     0     0     
     0     0     0     0     0     0     0     0     0     

C3   2     3     4     3     19    34    6     52    85    
     2     3     4     3     19    34    6     52    85    
     2     3     4     3     19    33    6     52    85    
     2     3     4     3     19    33    6     52    84    

bg   0     0     0     0     0     0     0     0     0     
     0     0     0     0     0     0     0     0     0     
     0     0     0     0     0     0     0     0     0     
     0     0     0     0     0     0     0     0     0     


