Trial #1-------------------------

     A1    A2    A3    B1    B2    B3    C1    C2    C3    

A1   78    72    19    29    29    9     4     3     2     
     77    72    19    29    29    9     4     3     2     
     77    72    19    29    29    9     4     3     2     
     76    72    19    29    29    9     4     3     2     

bg   0     0     0     0     0     0     0     0     0     
     0     0     0     0     0     0     0     0     0     
     0     0     0     0     0     0     0     0     0     
     0     0     0     0     0     0     0     0     0     

A2   47    115   70    19    47    29    3     4     3     
     47    115   70    19    47    29    3     4     3     
     47    114   70    19    47    29    3     4     3     
     47    114   70    19    46    29    3     4     3     

bg   0     0     0     0     0     0     0     0     0     
     0     0     0     0     0     0     0     0     0     
     0     0     0     0     0     0     0     0     0     
     0     0     0     0     0     0     0     0     0     

A3   7     52    86    3     23    32    1     3     4     
     7     52    85    3     23    32    1     3     4     
     7     52    85    3     23    31    1     3     4     
     7     52    84    3     23    31    1     3     4     

bg   0     0     0     0     0     0     0     0     0     
     0     0     0     0     0     0     0     0     0     
     0     0     0     0     0     0     0     0     0     
     0     0     0     0     0     0     0     0     0     

B1   28    27    7     49    49    13    21    20    6     
     28    27    7     49    49    13    21    20    6     
     28    27    7     49    49    13    21    20    6     
     28    27    7     49    49    13    21    20    6     

bg   0     0     0     0     0     0     0     0     0     
     0     0     0     0     0     0     0     0     0     
     0     0     0     0     0     0     0     0     0     
     0     0     0     0     0     0     0     0     0     

B2   19    45    29    29    97    64    12    31    24    
     19    45    29    29    96    64    11    31    24    
     19    45    29    29    96    64    11    31    24    
     19    45    29    29    96    64    11    31    24    

bg   0     0     0     0     0     0     0     0     0     
     0     0     0     0     0     0     0     0     0     
     0     0     0     0     0     0     0     0     0     
     0     0     0     0     0     0     0     0     0     

B3   4     23    33    4     51    85    3     23    38    
     4     23    34    4     51    85    3     23    38    
     3     23    34    4     51    85    3     23    38    
     3     23    34    4     51    85    3     23    38    

bg   0     0     0     0     0     0     0     0     0     
     0     0     0     0     0     0     0     0     0     
     0     0     0     0     0     0     0     0     0     
     0     0     0     0     0     0     0     0     0     

C1   3     3     2     20    19    8     73    70    18    
     3     3     2     20    19    8     73    70    18    
     3     3     2     20    19    8     73    70    18    
     3     3     2     20    19    8     73    70    18    

bg   0     0     0     0     0     0     0     0     0     
     0     0     0     0     0     0     0     0     0     
     0     0     0     0     0     0     0     0     0     
     0     0     0     0     0     0     0     0     0     

C2   2     4     3     13    33    27    46    117   70    
     2     4     3     13    33    27    46    117   70    
     2     4     3     13    33    27    46    117   69    
     2     4     3     13    33    27    46    117   69    

bg   0     0     0     0     0     0     0     0     0     
     0     0     0     0     0     0     0     0     0     
     0     0     0     0     0     0     0     0     0     
     0     0     0     0     0     0     0     0     0     

C3   1     3     4     2     20    34    5     52    86    
     1     3     4     2     20    34    5     52    86    
     1     3     4     2     20    34    5     52    86    
     1     3     4     2     20    34    5     52    86    

bg   0     0     0     0     0     0     0     0     0     
     0     0     0     0     0     0     0     0     0     
     0     0     0     0     0     0     0     0     0     
     0     0     0     0     0     0     0     0     0     


Trial #2-------------------------

     A1    A2    A3    B1    B2    B3    C1    C2    C3    

A1   77    72    19    29    29    9     4     3     2     
     77    72    19    29    29    9     4     3     2     
     76    72    19    29    29    9     4     3     2     
     76    72    19    28    29    9     4     3     2     

bg   0     0     0     0     0     0     0     0     0     
     0     0     0     0     0     0     0     0     0     
     0     0     0     0     0     0     0     0     0     
     0     0     0     0     0     0     0     0     0     

A2   46    114   70    19    46    29    3     4     3     
     46    114   69    19    46    29    3     4     3     
     46    114   69    19    46    29    3     4     3     
     46    114   69    19    46    29    3     4     3     

bg   0     0     0     0     0     0     0     0     0     
     0     0     0     0     0     0     0     0     0     
     0     0     0     0     0     0     0     0     0     
     0     0     0     0     0     0     0     0     0     

A3   7     52    85    3     23    31    1     3     4     
     7     52    84    3     23    31    1     3     4     
     7     52    84    3     23    31    1     3     4     
     7     52    84    3     23    31    1     3     4     

bg   0     0     0     0     0     0     0     0     0     
     0     0     0     0     0     0     0     0     0     
     0     0     0     0     0     0     0     0     0     
     0     0     0     0     0     0     0     0     0     

B1   28    27    7     49    49    13    21    20    6     
     28    27    7     49    49    13    21    20    6     
     28    27    7     49    49    13    21    20    6     
     28    27    7     49    49    13    21    20    6     

bg   0     0     0     0     0     0     0     0     0     
     0     0     0     0     0     0     0     0     0     
     0     0     0     0     0     0     0     0     0     
     0     0     0     0     0     0     0     0     0     

B2   19    44    29    29    96    64    11    31    24    
     19    44    29    29    96    64    11    31    24    
     19    44    29    29    95    64    11    31    24    
     19    44    29    29    95    64    11    31    24    

bg   0     0     0     0     0     0     0     0     0     
     0     0     0     0     0     0     0     0     0     
     0     0     0     0     0     0     0     0     0     
     0     0     0     0     0     0     0     0     0     

B3   3     23    33    4     50    85    3     22    38    
     3     23    34    4     50    85    3     22    38    
     3     23    34    4     50    85    3     22    38    
     3     23    34    4     50    85    3     22    38    

bg   0     0     0     0     0     0     0     0     0     
     0     0     0     0     0     0     0     0     0     
     0     0     0     0     0     0     0     0     0     
     0     0     0     0     0     0     0     0     0     

C1   3     3     2     19    19    8     72    69    18    
     3     3     2     19    19    8     72    69    18    
     3     3     2     19    19    8     72    69    18    
     3     3     2     19    19    8     72    69    18    

bg   0     0     0     0     0     0     0     0     0     
     0     0     0     0     0     0     0     0     0     
     0     0     0     0     0     0     0     0     0     
     0     0     0     0     0     0     0     0     0     

C2   2     4     3     13    33    27    46    116   69    
     2     4     3     13    33    27    46    116   69    
     2     4     3     13    33    27    46    116   69    
     2     4     3     13    33    27    46    116   69    

bg   0     0     0     0     0     0     0     0     0     
     0     0     0     0     0     0     0     0     0     
     0     0     0     0     0     0     0     0     0     
     0     0     0     0     0     0     0     0     0     

C3   1     3     4     2     20    34    5     52    86    
     1     3     4     2     20    34    5     52    86    
     1     3     4     2     20    34    5     52    86    
     1     3     4     2     20    34    5     52    85    

bg   0     0     0     0     0     0     0     0     0     
     0     0     0     0     0     0     0     0     0     
     0     0     0     0     0     0     0     0     0     
     0     0     0     0     0     0     0     0     0     


Trial #3-------------------------

     A1    A2    A3    B1    B2    B3    C1    C2    C3    

A1   76    72    19    29    29    8     4     3     2     
     76    71    19    29    29    8     4     3     2     
     76    71    19    29    29    8     4     3     2     
     76    71    19    28    29    8     4     3     2     

bg   0     0     0     0     0     0     0     0     0     
     0     0     0     0     0     0     0     0     0     
     0     0     0     0     0     0     0     0     0     
     0     0     0     0     0     0     0     0     0     

A2   46    114   70    19    46    29    3     4     4     
     46    114   70    19    46    29    3     4     3     
     46    114   70    19    46    29    3     4     3     
     46    114   70    19    46    29    3     4     3     

bg   0     0     0     0     0     0     0     0     0     
     0     0     0     0     0     0     0     0     0     
     0     0     0     0     0     0     0     0     0     
     0     0     0     0     0     0     0     0     0     

A3   7     52    85    3     23    31    1     3     4     
     7     52    85    3     23    31    1     3     4     
     7     52    85    3     23    31    1     3     4     
     7     52    85    3     23    31    1     3     4     

bg   0     0     0     0     0     0     0     0     0     
     0     0     0     0     0     0     0     0     0     
     0     0     0     0     0     0     0     0     0     
     0     0     0     0     0     0     0     0     0     

B1   28    27    7     50    49    13    21    20    6     
     28    27    7     50    49    13    21    20    6     
     28    27    7     49    49    13    21    20    6     
     28    27    7     49    49    13    21    20    6     

bg   0     0     0     0     0     0     0     0     0     
     0     0     0     0     0     0     0     0     0     
     0     0     0     0     0     0     0     0     0     
     0     0     0     0     0     0     0     0     0     

B2   19    44    29    29    96    64    11    31    24    
     19    44    29    29    96    64    11    31    24    
     19    44    29    29    96    64    11    31    24    
     19    44    29    29    96    64    11    31    24    

bg   0     0     0     0     0     0     0     0     0     
     0     0     0     0     0     0     0     0     0     
     0     0     0     0     0     0     0     0     0     
     0     0     0     0     0     0     0     0     0     

B3   3     23    34    4     50    85    3     22    38    
     3     23    34    4     50    85    3     22    38    
     3     23    33    4     50    84    3     22    38    
     3     23    33    4     50    84    3     22    38    

bg   0     0     0     0     0     0     0     0     0     
     0     0     0     0     0     0     0     0     0     
     0     0     0     0     0     0     0     0     0     
     0     0     0     0     0     0     0     0     0     

C1   3     3     2     19    19    8     72    69    18    
     3     3     2     19    19    8     72    69    18    
     3     3     2     19    19    8     72    69    18    
     3     3     2     19    19    8     72    69    18    

bg   0     0     0     0     0     0     0     0     0     
     0     0     0     0     0     0     0     0     0     
     0     0     0     0     0     0     0     0     0     
     0     0     0     0     0     0     0     0     0     

C2   2     4     3     13    33    27    46    116   69    
     2     4     3     13    33    27    46    116   69    
     2     4     3     13    33    27    45    116   69    
     2     4     3     13    33    27    45    116   69    

bg   0     0     0     0     0     0     0     0     0     
     0     0     0     0     0     0     0     0     0     
     0     0     0     0     0     0     0     0     0     
     0     0     0     0     0     0     0     0     0     

C3   1     3     4     2     20    34    5     52    86    
     1     3     4     2     20    34    5     52    86    
     1     3     4     2     20    34    5     52    86    
     1     3     4     2     20    34    5     52    86    

bg   0     0     0     0     0     0     0     0     0     
     0     0     0     0     0     0     0     0     0     
     0     0     0     0     0     0     0     0     0     
     0     0     0     0     0     0     0     0     0     


Trial #4-------------------------

     A1    A2    A3    B1    B2    B3    C1    C2    C3    

A1   77    72    19    29    29    9     4     3     2     
     77    72    19    29    29    9     4     3     2     
     77    72    19    29    29    8     4     3     2     
     76    71    19    29    29    8     4     3     2     

bg   0     0     0     0     0     0     0     0     0     
     0     0     0     0     0     0     0     0     0     
     0     0     0     0     0     0     0     0     0     
     0     0     0     0     0     0     0     0     0     

A2   47    114   70    19    46    29    3     4     4     
     47    114   70    19    46    29    3     4     3     
     47    114   70    19    46    29    3     4     3     
     46    114   70    19    46    29    3     4     3     

bg   0     0     0     0     0     0     0     0     0     
     0     0     0     0     0     0     0     0     0     
     0     0     0     0     0     0     0     0     0     
     0     0     0     0     0     0     0     0     0     

A3   7     52    85    3     23    31    1     3     4     
     7     52    85    3     23    31    1     3     4     
     7     52    85    3     23    31    1     3     4     
     7     52    85    3     23    31    1     3     4     

bg   0     0     0     0     0     0     0     0     0     
     0     0     0     0     0     0     0     0     0     
     0     0     0     0     0     0     0     0     0     
     0     0     0     0     0     0     0     0     0     

B1   28    27    7     49    49    13    21    20    6     
     28    27    7     49    49    13    21    20    6     
     28    27    7     49    49    13    21    20    6     
     28    27    7     49    49    13    21    20    6     

bg   0     0     0     0     0     0     0     0     0     
     0     0     0     0     0     0     0     0     0     
     0     0     0     0     0     0     0     0     0     
     0     0     0     0     0     0     0     0     0     

B2   19    44    29    29    96    64    11    31    24    
     19    44    29    29    96    64    11    31    24    
     19    44    29    29    96    64    11    31    24    
     19    44    29    29    96    64    11    31    24    

bg   0     0     0     0     0     0     0     0     0     
     0     0     0     0     0     0     0     0     0     
     0     0     0     0     0     0     0     0     0     
     0     0     0     0     0     0     0     0     0     

B3   3     23    33    4     51    85    3     23    38    
     3     23    33    4     51    84    3     23    38    
     3     23    33    4     51    84    3     23    38    
     3     23    33    4     51    84    3     23    38    

bg   0     0     0     0     0     0     0     0     0     
     0     0     0     0     0     0     0     0     0     
     0     0     0     0     0     0     0     0     0     
     0     0     0     0     0     0     0     0     0     

C1   3     3     2     19    19    8     72    69    18    
     3     3     2     19    19    8     72    69    18    
     3     3     2     19    19    8     72    69    18    
     3     3     2     19    19    8     72    69    18    

bg   0     0     0     0     0     0     0     0     0     
     0     0     0     0     0     0     0     0     0     
     0     0     0     0     0     0     0     0     0     
     0     0     0     0     0     0     0     0     0     

C2   2     4     3     13    33    27    46    117   69    
     2     4     3     13    33    27    46    116   69    
     2     4     3     13    33    27    46    116   69    
     2     4     3     13    33    27    46    116   69    

bg   0     0     0     0     0     0     0     0     0     
     0     0     0     0     0     0     0     0     0     
     0     0     0     0     0     0     0     0     0     
     0     0     0     0     0     0     0     0     0     

C3   1     3     4     2     20    34    5     52    85    
     1     3     4     2     20    34    5     52    86    
     1     3     4     2     20    34    5     52    86    
     1     3     4     2     20    34    5     52    86    

bg   0     0     0     0     0     0     0     0     0     
     0     0     0     0     0     0     0     0     0     
     0     0     0     0     0     0     0     0     0     
     0     0     0     0     0     0     0     0     0     


