Trial #1-------------------------

     A1    A2    A3    B1    B2    B3    C1    C2    C3    

A1   77    72    19    29    30    9     4     3     2     
     77    72    19    29    30    9     4     3     2     
     77    72    19    29    30    9     4     3     2     
     77    72    19    29    30    9     4     3     2     

bg   0     0     0     0     0     0     0     0     0     
     0     0     0     0     0     0     0     0     0     
     0     0     0     0     0     0     0     0     0     
     0     0     0     0     0     0     0     0     0     

A2   47    115   70    19    47    30    3     4     4     
     47    115   70    19    47    30    3     4     4     
     47    115   70    19    47    30    3     4     4     
     47    115   70    19    47    29    3     4     4     

bg   0     0     0     0     0     0     0     0     0     
     0     0     0     0     0     0     0     0     0     
     0     0     0     0     0     0     0     0     0     
     0     0     0     0     0     0     0     0     0     

A3   7     52    85    3     23    32    1     3     4     
     7     52    85    3     23    32    1     3     4     
     7     52    86    3     23    32    1     3     4     
     7     52    86    3     23    32    1     3     4     

bg   0     0     0     0     0     0     0     0     0     
     0     0     0     0     0     0     0     0     0     
     0     0     0     0     0     0     0     0     0     
     0     0     0     0     0     0     0     0     0     

B1   29    27    8     54    53    15    22    22    7     
     29    27    8     54    53    15    22    22    7     
     29    27    8     54    53    15    22    22    7     
     28    27    8     53    53    15    22    22    7     

bg   0     0     0     0     0     0     0     0     0     
     0     0     0     0     0     0     0     0     0     
     0     0     0     0     0     0     0     0     0     
     0     0     0     0     0     0     0     0     0     

B2   19    46    30    33    108   70    13    37    28    
     19    46    30    33    108   70    13    37    27    
     19    46    30    33    108   70    13    37    27    
     19    46    30    33    107   69    13    37    27    

bg   0     0     0     0     0     0     0     0     0     
     0     0     0     0     0     0     0     0     0     
     0     0     0     0     0     0     0     0     0     
     0     0     0     0     0     0     0     0     0     

B3   4     24    34    6     56    88    4     25    40    
     4     24    34    6     56    88    4     25    40    
     4     24    34    6     56    87    4     25    40    
     4     24    34    6     56    87    4     25    39    

bg   0     0     0     0     0     0     0     0     0     
     0     0     0     0     0     0     0     0     0     
     0     0     0     0     0     0     0     0     0     
     0     0     0     0     0     0     0     0     0     

C1   3     3     2     20    21    9     72    70    19    
     3     3     2     20    21    9     72    70    19    
     3     3     2     20    20    9     72    70    19    
     3     3     2     20    21    9     72    70    19    

bg   0     0     0     0     0     0     0     0     0     
     0     0     0     0     0     0     0     0     0     
     0     0     0     0     0     0     0     0     0     
     0     0     0     0     0     0     0     0     0     

C2   2     4     3     14    40    31    47    121   72    
     2     4     3     14    40    31    47    121   72    
     2     4     3     14    40    31    46    121   72    
     2     4     3     14    40    31    46    121   72    

bg   0     0     0     0     0     0     0     0     0     
     0     0     0     0     0     0     0     0     0     
     0     0     0     0     0     0     0     0     0     
     0     0     0     0     0     0     0     0     0     

C3   1     3     4     3     22    35    6     54    86    
     1     3     4     3     22    35    6     54    86    
     1     3     4     3     22    35    6     54    87    
     1     3     4     3     22    35    6     54    87    

bg   0     0     0     0     0     0     0     0     0     
     0     0     0     0     0     0     0     0     0     
     0     0     0     0     0     0     0     0     0     
     0     0     0     0     0     0     0     0     0     


Trial #2-------------------------

     A1    A2    A3    B1    B2    B3    C1    C2    C3    

A1   77    72    19    30    30    9     4     3     2     
     77    72    19    30    30    9     4     3     2     
     77    71    19    29    30    9     4     3     2     
     76    71    19    29    29    9     4     3     2     

bg   0     0     0     0     0     0     0     0     0     
     0     0     0     0     0     0     0     0     0     
     0     0     0     0     0     0     0     0     0     
     0     0     0     0     0     0     0     0     0     

A2   46    114   70    19    47    29    3     4     4     
     46    114   70    19    47    29    3     4     4     
     46    114   70    19    47    29    3     4     4     
     46    114   69    19    47    29    3     4     4     

bg   0     0     0     0     0     0     0     0     0     
     0     0     0     0     0     0     0     0     0     
     0     0     0     0     0     0     0     0     0     
     0     0     0     0     0     0     0     0     0     

A3   7     52    85    3     23    32    1     3     4     
     7     52    85    3     23    32    1     3     4     
     7     52    85    3     23    32    1     3     4     
     7     52    85    3     23    31    1     3     4     

bg   0     0     0     0     0     0     0     0     0     
     0     0     0     0     0     0     0     0     0     
     0     0     0     0     0     0     0     0     0     
     0     0     0     0     0     0     0     0     0     

B1   28    27    8     53    52    15    22    22    7     
     28    27    8     53    52    15    22    22    7     
     28    27    8     52    52    15    21    22    7     
     28    27    8     52    52    15    21    22    7     

bg   0     0     0     0     0     0     0     0     0     
     0     0     0     0     0     0     0     0     0     
     0     0     0     0     0     0     0     0     0     
     0     0     0     0     0     0     0     0     0     

B2   19    46    30    33    108   70    13    37    28    
     19    46    30    33    108   70    13    37    27    
     19    46    30    33    107   70    13    37    27    
     19    46    30    33    107   69    13    37    27    

bg   0     0     0     0     0     0     0     0     0     
     0     0     0     0     0     0     0     0     0     
     0     0     0     0     0     0     0     0     0     
     0     0     0     0     0     0     0     0     0     

B3   4     24    34    6     56    87    4     26    40    
     4     24    34    6     56    87    4     25    39    
     4     24    34    6     56    87    4     25    39    
     4     24    34    6     56    87    4     25    39    

bg   0     0     0     0     0     0     0     0     0     
     0     0     0     0     0     0     0     0     0     
     0     0     0     0     0     0     0     0     0     
     0     0     0     0     0     0     0     0     0     

C1   3     3     2     20    21    9     72    71    19    
     3     3     2     21    21    9     73    71    19    
     3     3     2     21    21    9     73    71    19    
     3     3     2     21    21    9     73    71    19    

bg   0     0     0     0     0     0     0     0     0     
     0     0     0     0     0     0     0     0     0     
     0     0     0     0     0     0     0     0     0     
     0     0     0     0     0     0     0     0     0     

C2   2     4     3     14    40    31    47    121   72    
     2     4     3     14    40    31    47    121   72    
     2     4     3     14    40    31    47    121   72    
     2     4     3     14    40    31    47    121   72    

bg   0     0     0     0     0     0     0     0     0     
     0     0     0     0     0     0     0     0     0     
     0     0     0     0     0     0     0     0     0     
     0     0     0     0     0     0     0     0     0     

C3   1     3     4     3     22    35    6     53    87    
     1     3     4     3     22    35    6     53    87    
     1     3     4     3     22    35    6     53    87    
     1     3     4     3     22    35    6     53    87    

bg   0     0     0     0     0     0     0     0     0     
     0     0     0     0     0     0     0     0     0     
     0     0     0     0     0     0     0     0     0     
     0     0     0     0     0     0     0     0     0     


Trial #3-------------------------

     A1    A2    A3    B1    B2    B3    C1    C2    C3    

A1   77    72    19    30    30    9     4     3     2     
     77    72    19    29    30    9     4     3     2     
     76    71    19    29    29    9     4     3     2     
     76    71    19    29    29    9     4     3     2     

bg   0     0     0     0     0     0     0     0     0     
     0     0     0     0     0     0     0     0     0     
     0     0     0     0     0     0     0     0     0     
     0     0     0     0     0     0     0     0     0     

A2   46    114   70    19    47    29    3     4     4     
     46    114   70    19    47    29    3     4     4     
     46    114   70    19    47    29    3     4     4     
     46    114   70    19    47    29    3     4     4     

bg   0     0     0     0     0     0     0     0     0     
     0     0     0     0     0     0     0     0     0     
     0     0     0     0     0     0     0     0     0     
     0     0     0     0     0     0     0     0     0     

A3   7     52    85    3     23    32    1     3     4     
     7     52    85    3     23    31    1     3     4     
     7     52    84    3     23    31    1     3     4     
     7     52    84    3     23    31    1     3     4     

bg   0     0     0     0     0     0     0     0     0     
     0     0     0     0     0     0     0     0     0     
     0     0     0     0     0     0     0     0     0     
     0     0     0     0     0     0     0     0     0     

B1   28    27    8     53    52    15    22    22    7     
     28    27    8     53    52    15    22    22    7     
     28    27    8     53    52    15    22    22    7     
     28    27    8     53    52    15    22    22    7     

bg   0     0     0     0     0     0     0     0     0     
     0     0     0     0     0     0     0     0     0     
     0     0     0     0     0     0     0     0     0     
     0     0     0     0     0     0     0     0     0     

B2   19    46    30    33    108   70    13    37    28    
     19    46    30    33    107   70    13    37    28    
     19    46    30    32    107   70    13    37    27    
     19    46    30    32    107   69    13    37    27    

bg   0     0     0     0     0     0     0     0     0     
     0     0     0     0     0     0     0     0     0     
     0     0     0     0     0     0     0     0     0     
     0     0     0     0     0     0     0     0     0     

B3   4     23    34    6     56    87    4     25    39    
     4     23    34    6     56    87    4     25    39    
     4     23    34    6     56    87    4     25    40    
     4     24    34    6     56    87    4     25    40    

bg   0     0     0     0     0     0     0     0     0     
     0     0     0     0     0     0     0     0     0     
     0     0     0     0     0     0     0     0     0     
     0     0     0     0     0     0     0     0     0     

C1   3     3     2     21    21    9     73    71    19    
     3     3     2     21    21    9     73    71    19    
     3     3     2     21    21    9     73    71    19    
     3     3     2     21    21    9     73    71    19    

bg   0     0     0     0     0     0     0     0     0     
     0     0     0     0     0     0     0     0     0     
     0     0     0     0     0     0     0     0     0     
     0     0     0     0     0     0     0     0     0     

C2   2     4     3     14    39    31    46    121   72    
     2     4     3     14    40    31    46    120   72    
     2     4     3     14    40    31    46    120   71    
     2     4     3     14    40    31    46    120   71    

bg   0     0     0     0     0     0     0     0     0     
     0     0     0     0     0     0     0     0     0     
     0     0     0     0     0     0     0     0     0     
     0     0     0     0     0     0     0     0     0     

C3   1     3     4     3     22    35    6     54    87    
     1     3     4     3     22    35    6     54    87    
     1     3     4     3     22    35    6     54    87    
     1     3     4     3     22    35    6     54    86    

bg   0     0     0     0     0     0     0     0     0     
     0     0     0     0     0     0     0     0     0     
     0     0     0     0     0     0     0     0     0     
     0     0     0     0     0     0     0     0     0     


Trial #4-------------------------

     A1    A2    A3    B1    B2    B3    C1    C2    C3    

A1   76    72    19    29    30    9     4     3     2     
     76    72    19    29    30    9     4     3     2     
     76    71    19    29    29    9     4     3     2     
     76    71    19    29    29    9     4     3     2     

bg   0     0     0     0     0     0     0     0     0     
     0     0     0     0     0     0     0     0     0     
     0     0     0     0     0     0     0     0     0     
     0     0     0     0     0     0     0     0     0     

A2   47    115   70    19    47    29    3     4     4     
     47    114   70    19    47    29    3     4     4     
     46    114   70    19    47    29    3     4     4     
     46    114   70    19    47    29    3     4     4     

bg   0     0     0     0     0     0     0     0     0     
     0     0     0     0     0     0     0     0     0     
     0     0     0     0     0     0     0     0     0     
     0     0     0     0     0     0     0     0     0     

A3   7     52    84    3     23    31    1     3     4     
     7     52    84    3     23    31    1     3     4     
     7     52    84    3     23    31    1     3     4     
     7     52    84    3     23    31    1     3     4     

bg   0     0     0     0     0     0     0     0     0     
     0     0     0     0     0     0     0     0     0     
     0     0     0     0     0     0     0     0     0     
     0     0     0     0     0     0     0     0     0     

B1   28    27    8     53    53    15    22    22    7     
     29    27    8     54    53    15    22    22    7     
     29    27    8     54    53    15    22    22    7     
     29    27    8     54    53    15    22    22    7     

bg   0     0     0     0     0     0     0     0     0     
     0     0     0     0     0     0     0     0     0     
     0     0     0     0     0     0     0     0     0     
     0     0     0     0     0     0     0     0     0     

B2   19    46    30    33    108   70    13    37    28    
     19    46    30    33    108   70    13    37    28    
     19    46    30    33    107   70    13    37    27    
     19    46    30    33    107   70    13    37    27    

bg   0     0     0     0     0     0     0     0     0     
     0     0     0     0     0     0     0     0     0     
     0     0     0     0     0     0     0     0     0     
     0     0     0     0     0     0     0     0     0     

B3   4     24    34    6     56    88    4     25    40    
     4     24    34    6     56    88    4     25    40    
     4     24    34    6     56    88    4     25    40    
     4     24    34    6     56    88    4     25    40    

bg   0     0     0     0     0     0     0     0     0     
     0     0     0     0     0     0     0     0     0     
     0     0     0     0     0     0     0     0     0     
     0     0     0     0     0     0     0     0     0     

C1   3     3     2     21    21    9     73    71    19    
     3     3     2     21    21    9     73    71    19    
     3     3     2     21    21    9     72    71    19    
     3     3     2     20    21    9     72    71    19    

bg   0     0     0     0     0     0     0     0     0     
     0     0     0     0     0     0     0     0     0     
     0     0     0     0     0     0     0     0     0     
     0     0     0     0     0     0     0     0     0     

C2   2     4     3     14    40    31    46    121   72    
     2     4     3     14    40    31    46    121   72    
     2     4     3     14    40    31    46    121   72    
     2     4     3     14    40    31    46    120   72    

bg   0     0     0     0     0     0     0     0     0     
     0     0     0     0     0     0     0     0     0     
     0     0     0     0     0     0     0     0     0     
     0     0     0     0     0     0     0     0     0     

C3   1     3     4     3     22    35    6     54    87    
     1     3     4     3     22    35    6     54    86    
     1     3     4     3     22    35    6     54    86    
     1     3     4     3     22    35    6     54    86    

bg   0     0     0     0     0     0     0     0     0     
     0     0     0     0     0     0     0     0     0     
     0     0     0     0     0     0     0     0     0     
     0     0     0     0     0     0     0     0     0     


