Trial #1-------------------------

     A1    A2    A3    B1    B2    B3    C1    C2    C3    

A1   77    72    19    29    30    8     4     3     2     
     77    72    19    29    30    8     4     3     2     
     77    72    19    29    30    8     4     3     2     
     77    72    19    29    29    8     4     3     2     

bg   0     0     0     0     0     0     0     0     0     
     0     0     0     0     0     0     0     0     0     
     0     0     0     0     0     0     0     0     0     
     0     0     0     0     0     0     0     0     0     

A2   47    115   70    19    47    29    3     4     3     
     47    115   70    19    47    29    3     4     3     
     47    114   70    19    47    29    3     4     3     
     47    114   70    19    47    29    3     4     3     

bg   0     0     0     0     0     0     0     0     0     
     0     0     0     0     0     0     0     0     0     
     0     0     0     0     0     0     0     0     0     
     0     0     0     0     0     0     0     0     0     

A3   7     52    85    3     23    31    1     2     4     
     7     52    85    3     23    31    1     2     4     
     7     52    85    3     23    31    1     2     4     
     7     52    85    3     23    31    1     2     4     

bg   0     0     0     0     0     0     0     0     0     
     0     0     0     0     0     0     0     0     0     
     0     0     0     0     0     0     0     0     0     
     0     0     0     0     0     0     0     0     0     

B1   29    27    8     52    55    16    23    23    8     
     29    28    8     52    55    16    23    23    8     
     29    28    8     52    55    16    23    23    8     
     29    27    8     51    55    16    23    23    8     

bg   0     0     0     0     0     0     0     0     0     
     0     0     0     0     0     0     0     0     0     
     0     0     0     0     0     0     0     0     0     
     0     0     0     0     0     0     0     0     0     

B2   19    46    29    34    109   64    15    37    25    
     20    46    29    34    108   64    15    37    25    
     20    46    29    34    108   64    15    37    25    
     20    46    29    34    108   64    15    37    25    

bg   0     0     0     0     0     0     0     0     0     
     0     0     0     0     0     0     0     0     0     
     0     0     0     0     0     0     0     0     0     
     0     0     0     0     0     0     0     0     0     

B3   4     22    32    6     48    71    4     21    30    
     4     22    32    6     48    71    4     21    30    
     4     22    32    6     48    71    4     21    30    
     4     22    32    6     48    71    4     21    30    

bg   0     0     0     0     0     0     0     0     0     
     0     0     0     0     0     0     0     0     0     
     0     0     0     0     0     0     0     0     0     
     0     0     0     0     0     0     0     0     0     

C1   3     3     2     21    23    9     74    72    19    
     3     3     2     21    23    9     74    72    19    
     3     3     2     21    23    9     74    72    19    
     3     3     2     21    23    9     74    72    19    

bg   0     0     0     0     0     0     0     0     0     
     0     0     0     0     0     0     0     0     0     
     0     0     0     0     0     0     0     0     0     
     0     0     0     0     0     0     0     0     0     

C2   2     4     3     16    40    27    48    121   69    
     2     4     3     16    40    27    48    121   69    
     2     4     3     16    40    27    48    121   69    
     2     4     3     16    40    27    48    121   69    

bg   0     0     0     0     0     0     0     0     0     
     0     0     0     0     0     0     0     0     0     
     0     0     0     0     0     0     0     0     0     
     0     0     0     0     0     0     0     0     0     

C3   1     2     3     3     16    25    6     49    78    
     1     2     3     3     16    25    6     49    79    
     1     2     3     3     16    25    6     49    78    
     1     2     3     3     16    25    6     49    78    

bg   0     0     0     0     0     0     0     0     0     
     0     0     0     0     0     0     0     0     0     
     0     0     0     0     0     0     0     0     0     
     0     0     0     0     0     0     0     0     0     


Trial #2-------------------------

     A1    A2    A3    B1    B2    B3    C1    C2    C3    

A1   77    72    19    29    30    9     4     3     2     
     77    72    19    29    30    9     4     3     2     
     77    72    19    29    30    8     4     3     2     
     77    72    19    29    29    8     4     3     2     

bg   0     0     0     0     0     0     0     0     0     
     0     0     0     0     0     0     0     0     0     
     0     0     0     0     0     0     0     0     0     
     0     0     0     0     0     0     0     0     0     

A2   47    115   70    19    47    29    3     4     4     
     47    115   70    19    47    29    3     4     4     
     47    115   70    19    47    29    3     4     4     
     47    115   70    19    47    29    3     4     4     

bg   0     0     0     0     0     0     0     0     0     
     0     0     0     0     0     0     0     0     0     
     0     0     0     0     0     0     0     0     0     
     0     0     0     0     0     0     0     0     0     

A3   7     52    85    3     23    31    1     2     4     
     7     52    85    3     23    31    1     2     4     
     7     52    85    3     23    31    1     2     4     
     7     52    85    3     23    30    1     2     4     

bg   0     0     0     0     0     0     0     0     0     
     0     0     0     0     0     0     0     0     0     
     0     0     0     0     0     0     0     0     0     
     0     0     0     0     0     0     0     0     0     

B1   29    27    8     51    55    16    23    23    8     
     29    27    8     51    55    16    23    23    8     
     29    27    8     51    55    16    23    23    8     
     29    27    8     51    55    16    23    23    8     

bg   0     0     0     0     0     0     0     0     0     
     0     0     0     0     0     0     0     0     0     
     0     0     0     0     0     0     0     0     0     
     0     0     0     0     0     0     0     0     0     

B2   20    46    29    34    109   64    15    37    25    
     20    46    29    34    108   64    15    37    25    
     20    46    29    34    108   64    15    37    25    
     20    46    29    34    108   64    15    37    25    

bg   0     0     0     0     0     0     0     0     0     
     0     0     0     0     0     0     0     0     0     
     0     0     0     0     0     0     0     0     0     
     0     0     0     0     0     0     0     0     0     

B3   4     22    32    6     49    72    4     21    31    
     4     22    32    6     49    72    4     21    31    
     4     22    32    6     48    72    4     21    31    
     4     22    32    6     48    71    4     21    31    

bg   0     0     0     0     0     0     0     0     0     
     0     0     0     0     0     0     0     0     0     
     0     0     0     0     0     0     0     0     0     
     0     0     0     0     0     0     0     0     0     

C1   3     3     2     21    23    9     74    72    19    
     3     3     2     21    23    9     74    72    19    
     3     3     2     21    23    9     74    72    19    
     3     3     2     21    23    9     74    72    19    

bg   0     0     0     0     0     0     0     0     0     
     0     0     0     0     0     0     0     0     0     
     0     0     0     0     0     0     0     0     0     
     0     0     0     0     0     0     0     0     0     

C2   2     4     3     16    40    27    48    121   69    
     2     4     3     16    40    27    48    121   69    
     2     4     3     16    40    27    48    121   69    
     2     4     3     16    40    27    48    121   69    

bg   0     0     0     0     0     0     0     0     0     
     0     0     0     0     0     0     0     0     0     
     0     0     0     0     0     0     0     0     0     
     0     0     0     0     0     0     0     0     0     

C3   1     2     3     3     16    25    6     49    79    
     1     2     3     3     16    25    6     49    78    
     1     2     3     3     16    25    6     49    78    
     1     2     3     3     16    25    6     49    78    

bg   0     0     0     0     0     0     0     0     0     
     0     0     0     0     0     0     0     0     0     
     0     0     0     0     0     0     0     0     0     
     0     0     0     0     0     0     0     0     0     


Trial #3-------------------------

     A1    A2    A3    B1    B2    B3    C1    C2    C3    

A1   77    72    19    29    29    8     4     3     2     
     76    72    19    29    29    8     4     3     2     
     76    72    19    29    29    8     4     3     2     
     76    71    19    29    29    8     4     3     2     

bg   0     0     0     0     0     0     0     0     0     
     0     0     0     0     0     0     0     0     0     
     0     0     0     0     0     0     0     0     0     
     0     0     0     0     0     0     0     0     0     

A2   47    115   70    19    48    29    3     4     4     
     47    115   70    19    47    29    3     4     4     
     47    115   70    19    47    29    3     4     4     
     47    115   70    19    47    29    3     4     4     

bg   0     0     0     0     0     0     0     0     0     
     0     0     0     0     0     0     0     0     0     
     0     0     0     0     0     0     0     0     0     
     0     0     0     0     0     0     0     0     0     

A3   7     52    85    3     23    31    1     2     4     
     7     52    85    3     23    31    1     2     4     
     7     52    85    3     23    31    1     2     4     
     7     52    85    3     23    31    1     2     4     

bg   0     0     0     0     0     0     0     0     0     
     0     0     0     0     0     0     0     0     0     
     0     0     0     0     0     0     0     0     0     
     0     0     0     0     0     0     0     0     0     

B1   29    28    8     52    55    16    23    23    8     
     29    27    8     52    55    16    23    23    8     
     29    27    8     52    55    16    23    23    8     
     29    27    8     52    55    16    23    23    8     

bg   0     0     0     0     0     0     0     0     0     
     0     0     0     0     0     0     0     0     0     
     0     0     0     0     0     0     0     0     0     
     0     0     0     0     0     0     0     0     0     

B2   20    46    29    34    109   64    15    37    25    
     20    46    29    34    108   64    15    37    25    
     20    46    29    34    108   64    15    37    25    
     20    46    29    34    108   64    15    37    25    

bg   0     0     0     0     0     0     0     0     0     
     0     0     0     0     0     0     0     0     0     
     0     0     0     0     0     0     0     0     0     
     0     0     0     0     0     0     0     0     0     

B3   4     22    32    6     49    72    4     21    31    
     4     22    32    6     49    72    4     21    31    
     4     22    32    6     49    72    4     21    31    
     4     22    32    6     48    71    4     21    30    

bg   0     0     0     0     0     0     0     0     0     
     0     0     0     0     0     0     0     0     0     
     0     0     0     0     0     0     0     0     0     
     0     0     0     0     0     0     0     0     0     

C1   3     3     2     21    23    9     74    72    19    
     3     3     2     21    23    9     74    72    19    
     3     3     2     21    23    9     74    72    19    
     3     3     2     21    23    9     74    72    19    

bg   0     0     0     0     0     0     0     0     0     
     0     0     0     0     0     0     0     0     0     
     0     0     0     0     0     0     0     0     0     
     0     0     0     0     0     0     0     0     0     

C2   2     4     3     16    40    27    48    121   69    
     2     4     3     16    40    27    48    121   69    
     2     4     3     16    40    27    48    121   69    
     2     4     3     16    40    27    48    121   69    

bg   0     0     0     0     0     0     0     0     0     
     0     0     0     0     0     0     0     0     0     
     0     0     0     0     0     0     0     0     0     
     0     0     0     0     0     0     0     0     0     

C3   1     2     3     3     16    25    6     49    78    
     1     2     3     3     16    25    6     49    78    
     1     2     3     3     16    25    6     49    78    
     1     2     3     3     16    25    6     49    78    

bg   0     0     0     0     0     0     0     0     0     
     0     0     0     0     0     0     0     0     0     
     0     0     0     0     0     0     0     0     0     
     0     0     0     0     0     0     0     0     0     


Trial #4-------------------------

     A1    A2    A3    B1    B2    B3    C1    C2    C3    

A1   77    72    19    29    29    8     4     3     2     
     76    72    19    29    29    8     4     3     2     
     76    71    19    29    29    8     4     3     2     
     76    71    19    29    29    8     4     3     2     

bg   0     0     0     0     0     0     0     0     0     
     0     0     0     0     0     0     0     0     0     
     0     0     0     0     0     0     0     0     0     
     0     0     0     0     0     0     0     0     0     

A2   46    114   70    19    47    29    3     4     3     
     46    114   70    19    47    29    3     4     3     
     46    114   70    19    47    29    3     4     3     
     46    114   70    19    47    29    3     4     3     

bg   0     0     0     0     0     0     0     0     0     
     0     0     0     0     0     0     0     0     0     
     0     0     0     0     0     0     0     0     0     
     0     0     0     0     0     0     0     0     0     

A3   7     52    85    3     23    31    1     2     4     
     7     52    85    3     23    31    1     2     4     
     7     52    85    3     23    31    1     2     4     
     7     52    85    3     23    31    1     2     4     

bg   0     0     0     0     0     0     0     0     0     
     0     0     0     0     0     0     0     0     0     
     0     0     0     0     0     0     0     0     0     
     0     0     0     0     0     0     0     0     0     

B1   29    28    8     52    55    16    23    23    8     
     29    27    8     52    55    16    23    23    8     
     29    27    8     52    55    16    23    23    8     
     29    27    8     51    55    16    23    23    8     

bg   0     0     0     0     0     0     0     0     0     
     0     0     0     0     0     0     0     0     0     
     0     0     0     0     0     0     0     0     0     
     0     0     0     0     0     0     0     0     0     

B2   20    46    29    34    109   64    15    37    25    
     20    46    29    34    108   64    15    37    25    
     20    46    29    34    108   64    15    37    25    
     20    46    29    34    108   64    15    37    25    

bg   0     0     0     0     0     0     0     0     0     
     0     0     0     0     0     0     0     0     0     
     0     0     0     0     0     0     0     0     0     
     0     0     0     0     0     0     0     0     0     

B3   4     22    32    6     49    72    4     21    31    
     4     22    32    6     49    71    4     21    30    
     4     22    32    6     48    71    4     21    30    
     4     22    32    6     48    71    4     21    30    

bg   0     0     0     0     0     0     0     0     0     
     0     0     0     0     0     0     0     0     0     
     0     0     0     0     0     0     0     0     0     
     0     0     0     0     0     0     0     0     0     

C1   3     3     2     21    23    9     73    72    19    
     3     3     2     21    23    9     73    72    19    
     3     3     2     21    23    9     73    72    19    
     3     3     2     21    23    9     73    72    19    

bg   0     0     0     0     0     0     0     0     0     
     0     0     0     0     0     0     0     0     0     
     0     0     0     0     0     0     0     0     0     
     0     0     0     0     0     0     0     0     0     

C2   2     4     3     16    40    28    48    122   70    
     2     4     3     16    40    28    48    121   69    
     2     4     3     16    40    28    48    121   69    
     2     4     3     16    40    28    48    121   69    

bg   0     0     0     0     0     0     0     0     0     
     0     0     0     0     0     0     0     0     0     
     0     0     0     0     0     0     0     0     0     
     0     0     0     0     0     0     0     0     0     

C3   1     2     3     3     16    25    6     49    78    
     1     2     3     3     16    25    6     49    78    
     1     2     3     3     16    25    6     49    78    
     1     2     3     3     16    25    6     49    78    

bg   0     0     0     0     0     0     0     0     0     
     0     0     0     0     0     0     0     0     0     
     0     0     0     0     0     0     0     0     0     
     0     0     0     0     0     0     0     0     0     


