Trial #1-------------------------

     A1    A2    A3    B1    B2    B3    C1    C2    C3    

A1   77    72    19    28    29    9     4     3     2     
     76    72    19    28    29    9     4     3     2     
     76    72    19    28    29    9     4     3     2     
     76    71    19    28    29    9     4     3     2     

bg   0     0     0     0     0     0     0     0     0     
     0     0     0     0     0     0     0     0     0     
     0     0     0     0     0     0     0     0     0     
     0     0     0     0     0     0     0     0     0     

A2   46    114   70    19    47    29    3     4     4     
     46    114   70    18    47    29    3     4     4     
     46    114   70    18    46    29    3     4     4     
     46    114   70    18    46    29    3     4     4     

bg   0     0     0     0     0     0     0     0     0     
     0     0     0     0     0     0     0     0     0     
     0     0     0     0     0     0     0     0     0     
     0     0     0     0     0     0     0     0     0     

A3   7     52    84    3     23    31    1     3     4     
     7     52    84    3     23    31    1     3     4     
     7     52    84    3     23    31    1     3     4     
     7     52    85    3     23    31    1     3     4     

bg   0     0     0     0     0     0     0     0     0     
     0     0     0     0     0     0     0     0     0     
     0     0     0     0     0     0     0     0     0     
     0     0     0     0     0     0     0     0     0     

B1   28    26    7     47    46    13    19    19    6     
     28    26    7     47    46    13    19    19    6     
     28    26    7     47    46    13    19    19    6     
     28    26    7     47    46    13    19    19    6     

bg   0     0     0     0     0     0     0     0     0     
     0     0     0     0     0     0     0     0     0     
     0     0     0     0     0     0     0     0     0     
     0     0     0     0     0     0     0     0     0     

B2   19    44    30    27    98    67    10    32    26    
     19    45    30    27    98    67    10    32    26    
     19    45    29    27    98    67    10    32    25    
     19    45    30    27    98    66    10    32    25    

bg   0     0     0     0     0     0     0     0     0     
     0     0     0     0     0     0     0     0     0     
     0     0     0     0     0     0     0     0     0     
     0     0     0     0     0     0     0     0     0     

B3   4     23    34    5     54    88    3     24    39    
     4     23    34    5     54    88    3     24    39    
     4     23    34    5     54    87    3     24    39    
     4     23    34    5     54    87    3     24    39    

bg   0     0     0     0     0     0     0     0     0     
     0     0     0     0     0     0     0     0     0     
     0     0     0     0     0     0     0     0     0     
     0     0     0     0     0     0     0     0     0     

C1   3     3     2     17    17    8     71    68    18    
     3     3     2     17    17    8     70    68    18    
     3     3     2     17    17    8     70    68    18    
     3     3     2     17    17    8     70    68    18    

bg   0     0     0     0     0     0     0     0     0     
     0     0     0     0     0     0     0     0     0     
     0     0     0     0     0     0     0     0     0     
     0     0     0     0     0     0     0     0     0     

C2   2     4     3     12    35    29    44    118   70    
     2     4     3     12    35    29    44    118   70    
     2     4     3     12    35    29    44    117   70    
     2     4     3     12    35    29    44    117   70    

bg   0     0     0     0     0     0     0     0     0     
     0     0     0     0     0     0     0     0     0     
     0     0     0     0     0     0     0     0     0     
     0     0     0     0     0     0     0     0     0     

C3   1     3     4     2     21    35    6     53    86    
     1     3     4     2     21    35    6     53    86    
     1     3     4     2     21    35    6     53    85    
     1     3     4     2     21    35    6     53    85    

bg   0     0     0     0     0     0     0     0     0     
     0     0     0     0     0     0     0     0     0     
     0     0     0     0     0     0     0     0     0     
     0     0     0     0     0     0     0     0     0     


Trial #2-------------------------

     A1    A2    A3    B1    B2    B3    C1    C2    C3    

A1   76    72    19    28    29    8     4     3     2     
     76    71    19    28    29    8     4     3     2     
     76    71    19    28    29    8     4     3     2     
     76    71    19    28    29    8     4     3     2     

bg   0     0     0     0     0     0     0     0     0     
     0     0     0     0     0     0     0     0     0     
     0     0     0     0     0     0     0     0     0     
     0     0     0     0     0     0     0     0     0     

A2   47    115   70    18    47    29    3     4     4     
     47    115   70    18    47    29    3     4     4     
     46    115   70    18    47    29    3     4     4     
     47    114   70    18    47    29    3     4     4     

bg   0     0     0     0     0     0     0     0     0     
     0     0     0     0     0     0     0     0     0     
     0     0     0     0     0     0     0     0     0     
     0     0     0     0     0     0     0     0     0     

A3   7     52    85    3     23    31    1     3     4     
     7     52    85    3     23    32    1     3     4     
     7     52    85    3     23    32    1     3     4     
     7     52    85    3     23    32    1     3     4     

bg   0     0     0     0     0     0     0     0     0     
     0     0     0     0     0     0     0     0     0     
     0     0     0     0     0     0     0     0     0     
     0     0     0     0     0     0     0     0     0     

B1   28    26    7     47    47    13    19    19    6     
     28    26    7     47    46    13    19    19    6     
     28    26    7     46    46    13    19    19    6     
     28    26    7     46    46    13    19    19    6     

bg   0     0     0     0     0     0     0     0     0     
     0     0     0     0     0     0     0     0     0     
     0     0     0     0     0     0     0     0     0     
     0     0     0     0     0     0     0     0     0     

B2   18    45    30    27    99    67    10    32    26    
     18    45    30    27    98    67    10    32    26    
     18    45    30    27    98    67    10    32    26    
     18    45    30    27    98    67    10    32    25    

bg   0     0     0     0     0     0     0     0     0     
     0     0     0     0     0     0     0     0     0     
     0     0     0     0     0     0     0     0     0     
     0     0     0     0     0     0     0     0     0     

B3   4     23    34    5     54    87    3     24    39    
     4     23    34    5     54    87    3     24    39    
     4     23    34    5     54    87    3     24    39    
     4     23    34    5     54    86    3     24    39    

bg   0     0     0     0     0     0     0     0     0     
     0     0     0     0     0     0     0     0     0     
     0     0     0     0     0     0     0     0     0     
     0     0     0     0     0     0     0     0     0     

C1   3     3     2     17    17    8     70    68    18    
     3     3     2     17    17    8     70    68    18    
     3     3     2     17    17    8     70    68    18    
     3     3     2     17    17    8     70    68    18    

bg   0     0     0     0     0     0     0     0     0     
     0     0     0     0     0     0     0     0     0     
     0     0     0     0     0     0     0     0     0     
     0     0     0     0     0     0     0     0     0     

C2   2     4     3     12    35    29    44    118   71    
     2     4     3     12    35    29    44    118   71    
     2     4     3     12    35    29    44    118   71    
     2     4     3     12    35    29    44    117   71    

bg   0     0     0     0     0     0     0     0     0     
     0     0     0     0     0     0     0     0     0     
     0     0     0     0     0     0     0     0     0     
     0     0     0     0     0     0     0     0     0     

C3   1     3     4     2     21    35    6     53    86    
     1     3     4     2     21    35    6     53    86    
     1     3     4     2     21    35    6     53    86    
     1     3     4     2     21    35    6     53    86    

bg   0     0     0     0     0     0     0     0     0     
     0     0     0     0     0     0     0     0     0     
     0     0     0     0     0     0     0     0     0     
     0     0     0     0     0     0     0     0     0     


Trial #3-------------------------

     A1    A2    A3    B1    B2    B3    C1    C2    C3    

A1   77    72    19    29    29    9     4     3     2     
     77    72    19    29    29    9     4     3     2     
     76    72    19    29    29    8     4     3     2     
     76    71    19    28    29    8     4     3     2     

bg   0     0     0     0     0     0     0     0     0     
     0     0     0     0     0     0     0     0     0     
     0     0     0     0     0     0     0     0     0     
     0     0     0     0     0     0     0     0     0     

A2   46    114   70    18    46    29    3     4     4     
     46    114   70    18    46    29    3     4     4     
     46    114   70    18    46    29    3     4     4     
     46    114   69    18    46    29    3     4     4     

bg   0     0     0     0     0     0     0     0     0     
     0     0     0     0     0     0     0     0     0     
     0     0     0     0     0     0     0     0     0     
     0     0     0     0     0     0     0     0     0     

A3   7     52    86    3     23    32    1     3     4     
     7     52    85    3     23    32    1     3     4     
     7     52    85    3     23    32    1     3     4     
     7     52    85    3     23    31    1     3     4     

bg   0     0     0     0     0     0     0     0     0     
     0     0     0     0     0     0     0     0     0     
     0     0     0     0     0     0     0     0     0     
     0     0     0     0     0     0     0     0     0     

B1   28    26    7     46    46    13    19    19    6     
     28    26    7     46    46    13    19    19    6     
     28    26    7     46    46    13    19    19    6     
     28    26    7     46    46    13    19    18    6     

bg   0     0     0     0     0     0     0     0     0     
     0     0     0     0     0     0     0     0     0     
     0     0     0     0     0     0     0     0     0     
     0     0     0     0     0     0     0     0     0     

B2   18    45    30    27    98    67    10    32    26    
     18    45    30    27    98    67    10    32    26    
     18    45    30    27    98    67    9     32    25    
     18    45    30    26    98    66    9     32    25    

bg   0     0     0     0     0     0     0     0     0     
     0     0     0     0     0     0     0     0     0     
     0     0     0     0     0     0     0     0     0     
     0     0     0     0     0     0     0     0     0     

B3   4     23    34    5     54    86    3     24    39    
     4     23    34    5     54    86    3     24    39    
     4     23    34    5     54    86    3     24    39    
     4     23    34    5     54    86    3     24    39    

bg   0     0     0     0     0     0     0     0     0     
     0     0     0     0     0     0     0     0     0     
     0     0     0     0     0     0     0     0     0     
     0     0     0     0     0     0     0     0     0     

C1   3     3     2     17    17    8     71    68    18    
     3     3     2     18    17    8     71    68    18    
     3     3     2     18    17    8     71    68    18    
     3     3     2     18    17    8     71    68    18    

bg   0     0     0     0     0     0     0     0     0     
     0     0     0     0     0     0     0     0     0     
     0     0     0     0     0     0     0     0     0     
     0     0     0     0     0     0     0     0     0     

C2   2     4     3     12    35    29    44    118   71    
     2     4     3     12    35    29    44    118   71    
     2     4     3     12    35    29    44    118   71    
     2     4     3     12    35    29    44    118   71    

bg   0     0     0     0     0     0     0     0     0     
     0     0     0     0     0     0     0     0     0     
     0     0     0     0     0     0     0     0     0     
     0     0     0     0     0     0     0     0     0     

C3   1     3     4     2     21    35    6     53    87    
     1     3     4     2     21    35    6     53    87    
     1     3     4     2     21    35    6     53    87    
     1     3     4     2     21    35    6     53    87    

bg   0     0     0     0     0     0     0     0     0     
     0     0     0     0     0     0     0     0     0     
     0     0     0     0     0     0     0     0     0     
     0     0     0     0     0     0     0     0     0     


Trial #4-------------------------

     A1    A2    A3    B1    B2    B3    C1    C2    C3    

A1   77    72    19    29    29    9     4     3     2     
     77    72    19    28    29    9     4     3     2     
     76    72    19    28    29    9     4     3     2     
     76    71    19    28    29    8     4     3     2     

bg   0     0     0     0     0     0     0     0     0     
     0     0     0     0     0     0     0     0     0     
     0     0     0     0     0     0     0     0     0     
     0     0     0     0     0     0     0     0     0     

A2   46    114   70    18    46    29    3     4     4     
     46    114   70    18    46    29    3     4     4     
     46    114   70    18    46    29    3     4     4     
     46    114   70    18    46    29    3     4     4     

bg   0     0     0     0     0     0     0     0     0     
     0     0     0     0     0     0     0     0     0     
     0     0     0     0     0     0     0     0     0     
     0     0     0     0     0     0     0     0     0     

A3   7     52    85    3     23    31    1     3     4     
     7     52    85    3     23    31    1     3     4     
     7     52    84    3     23    31    1     3     4     
     7     52    84    3     23    31    1     3     4     

bg   0     0     0     0     0     0     0     0     0     
     0     0     0     0     0     0     0     0     0     
     0     0     0     0     0     0     0     0     0     
     0     0     0     0     0     0     0     0     0     

B1   27    26    7     46    46    13    19    19    6     
     28    26    7     46    46    13    19    18    6     
     28    26    7     46    46    13    19    18    6     
     28    26    7     46    46    13    19    18    6     

bg   0     0     0     0     0     0     0     0     0     
     0     0     0     0     0     0     0     0     0     
     0     0     0     0     0     0     0     0     0     
     0     0     0     0     0     0     0     0     0     

B2   18    45    30    27    98    67    9     32    26    
     18    45    30    26    98    67    9     32    26    
     18    45    30    26    98    67    9     32    25    
     18    45    30    26    98    66    9     32    25    

bg   0     0     0     0     0     0     0     0     0     
     0     0     0     0     0     0     0     0     0     
     0     0     0     0     0     0     0     0     0     
     0     0     0     0     0     0     0     0     0     

B3   4     23    34    5     54    87    3     24    39    
     4     23    34    5     54    87    3     24    39    
     4     23    34    5     54    87    3     24    39    
     4     23    34    5     54    87    3     24    39    

bg   0     0     0     0     0     0     0     0     0     
     0     0     0     0     0     0     0     0     0     
     0     0     0     0     0     0     0     0     0     
     0     0     0     0     0     0     0     0     0     

C1   3     3     2     18    17    8     71    69    18    
     3     3     2     18    17    8     71    69    18    
     3     3     2     18    17    8     71    68    18    
     3     3     2     18    17    8     70    68    18    

bg   0     0     0     0     0     0     0     0     0     
     0     0     0     0     0     0     0     0     0     
     0     0     0     0     0     0     0     0     0     
     0     0     0     0     0     0     0     0     0     

C2   2     4     3     12    34    29    44    117   70    
     2     4     3     12    34    29    44    117   70    
     2     4     3     12    34    29    44    117   70    
     2     4     3     12    34    29    44    117   70    

bg   0     0     0     0     0     0     0     0     0     
     0     0     0     0     0     0     0     0     0     
     0     0     0     0     0     0     0     0     0     
     0     0     0     0     0     0     0     0     0     

C3   1     3     4     2     21    35    6     53    87    
     1     3     4     2     21    35    6     53    87    
     1     3     4     2     21    35    6     53    87    
     1     3     4     2     21    35    6     53    86    

bg   0     0     0     0     0     0     0     0     0     
     0     0     0     0     0     0     0     0     0     
     0     0     0     0     0     0     0     0     0     
     0     0     0     0     0     0     0     0     0     


