Trial #1-------------------------

     A1    A2    A3    B1    B2    B3    C1    C2    C3    

A1   77    72    19    29    29    8     4     3     2     
     76    72    19    29    29    8     4     3     2     
     76    71    19    29    29    8     4     3     2     
     76    71    19    28    29    8     4     3     2     

bg   0     0     0     0     0     0     0     0     0     
     0     0     0     0     0     0     0     0     0     
     0     0     0     0     0     0     0     0     0     
     0     0     0     0     0     0     0     0     0     

A2   47    114   70    19    47    29    3     4     3     
     47    114   70    19    47    29    3     4     3     
     47    114   70    19    47    29    3     4     3     
     47    114   70    19    47    29    3     4     3     

bg   0     0     0     0     0     0     0     0     0     
     0     0     0     0     0     0     0     0     0     
     0     0     0     0     0     0     0     0     0     
     0     0     0     0     0     0     0     0     0     

A3   7     52    85    3     23    31    1     2     4     
     7     52    85    3     23    31    1     2     4     
     7     52    85    3     23    31    1     2     4     
     7     52    84    3     23    31    1     2     4     

bg   0     0     0     0     0     0     0     0     0     
     0     0     0     0     0     0     0     0     0     
     0     0     0     0     0     0     0     0     0     
     0     0     0     0     0     0     0     0     0     

B1   29    27    8     51    53    14    22    22    7     
     29    27    8     51    53    14    22    22    7     
     29    27    8     51    53    14    22    22    7     
     29    27    8     51    53    14    22    22    7     

bg   0     0     0     0     0     0     0     0     0     
     0     0     0     0     0     0     0     0     0     
     0     0     0     0     0     0     0     0     0     
     0     0     0     0     0     0     0     0     0     

B2   19    45    29    33    99    62    14    32    23    
     19    45    29    33    99    62    14    32    23    
     19    45    29    33    98    62    14    32    23    
     19    45    29    33    98    62    14    32    23    

bg   0     0     0     0     0     0     0     0     0     
     0     0     0     0     0     0     0     0     0     
     0     0     0     0     0     0     0     0     0     
     0     0     0     0     0     0     0     0     0     

B3   3     22    33    5     47    81    4     21    36    
     4     22    33    5     47    81    4     21    36    
     3     22    33    5     47    81    4     21    36    
     4     22    33    5     47    81    4     21    36    

bg   0     0     0     0     0     0     0     0     0     
     0     0     0     0     0     0     0     0     0     
     0     0     0     0     0     0     0     0     0     
     0     0     0     0     0     0     0     0     0     

C1   3     3     2     20    21    8     73    71    19    
     3     3     2     20    21    8     73    71    19    
     3     3     2     20    21    8     73    71    19    
     3     3     2     20    21    8     73    70    19    

bg   0     0     0     0     0     0     0     0     0     
     0     0     0     0     0     0     0     0     0     
     0     0     0     0     0     0     0     0     0     
     0     0     0     0     0     0     0     0     0     

C2   2     4     3     15    34    26    48    118   69    
     2     4     3     15    34    26    48    118   69    
     2     4     3     15    34    26    48    118   68    
     2     4     3     15    34    26    48    118   68    

bg   0     0     0     0     0     0     0     0     0     
     0     0     0     0     0     0     0     0     0     
     0     0     0     0     0     0     0     0     0     
     0     0     0     0     0     0     0     0     0     

C3   2     3     4     3     17    32    6     50    83    
     2     3     4     3     17    32    6     50    83    
     2     3     4     3     17    32    6     50    83    
     2     3     4     3     18    32    6     50    83    

bg   0     0     0     0     0     0     0     0     0     
     0     0     0     0     0     0     0     0     0     
     0     0     0     0     0     0     0     0     0     
     0     0     0     0     0     0     0     0     0     


Trial #2-------------------------

     A1    A2    A3    B1    B2    B3    C1    C2    C3    

A1   77    72    19    29    29    9     4     3     2     
     77    72    19    29    29    9     4     3     2     
     77    72    19    29    29    8     4     3     2     
     77    72    19    29    29    8     4     3     2     

bg   0     0     0     0     0     0     0     0     0     
     0     0     0     0     0     0     0     0     0     
     0     0     0     0     0     0     0     0     0     
     0     0     0     0     0     0     0     0     0     

A2   47    114   70    19    47    29    3     4     3     
     47    115   70    19    47    29    3     4     3     
     47    115   70    19    47    29    3     4     3     
     47    115   70    19    47    29    3     4     3     

bg   0     0     0     0     0     0     0     0     0     
     0     0     0     1     0     0     0     0     0     
     0     0     0     0     0     0     0     0     0     
     0     0     0     0     0     0     0     0     0     

A3   7     52    85    3     23    31    2     2     4     
     7     52    85    3     23    31    2     2     4     
     7     52    85    3     23    31    2     3     4     
     7     52    85    3     23    31    2     3     4     

bg   0     0     0     0     0     0     0     0     0     
     0     0     0     0     0     0     0     0     0     
     0     0     0     0     0     0     0     0     0     
     0     0     0     0     0     0     0     0     0     

B1   29    27    8     52    53    14    23    22    7     
     29    27    8     51    53    14    23    22    7     
     29    27    8     51    53    14    23    22    7     
     29    27    8     51    53    14    22    22    7     

bg   0     0     0     0     0     0     0     0     0     
     0     0     0     1     0     0     0     0     0     
     0     0     0     0     0     0     0     0     0     
     0     0     0     1     0     0     0     0     0     

B2   19    45    29    33    99    62    14    32    23    
     20    45    29    33    99    62    14    32    23    
     20    45    29    33    99    62    14    32    23    
     20    45    29    33    98    62    14    32    23    

bg   0     0     0     0     0     0     0     0     0     
     0     0     0     1     0     0     0     0     0     
     0     0     0     0     0     0     0     0     0     
     0     0     0     0     0     0     0     0     0     

B3   4     22    33    5     48    81    4     21    36    
     4     23    33    5     48    81    4     21    36    
     4     23    33    5     47    81    4     21    36    
     4     23    33    5     47    81    4     21    36    

bg   0     0     0     0     0     0     0     0     0     
     0     0     0     0     0     0     0     0     0     
     0     0     0     0     0     0     0     0     0     
     0     0     0     0     0     0     0     0     0     

C1   3     3     2     21    21    8     74    71    19    
     3     3     2     21    21    8     74    71    19    
     3     3     2     21    21    8     73    71    19    
     3     3     2     21    21    8     73    71    19    

bg   0     0     0     0     0     0     0     0     0     
     0     0     0     0     0     0     0     0     0     
     0     0     0     0     0     0     0     0     0     
     0     0     0     0     0     0     0     0     0     

C2   3     4     3     15    34    26    48    117   68    
     3     4     3     15    34    26    48    117   68    
     3     4     3     15    34    25    48    117   68    
     3     4     3     15    34    25    48    117   68    

bg   0     0     0     0     0     0     0     0     0     
     0     0     0     1     0     0     0     0     0     
     0     0     0     0     0     0     0     0     0     
     0     0     0     0     0     0     0     0     0     

C3   2     3     4     3     18    32    6     50    83    
     2     3     4     3     18    32    6     50    83    
     2     3     4     3     18    32    6     50    84    
     2     3     4     3     18    32    6     50    84    

bg   0     0     0     0     0     0     0     0     0     
     0     0     0     1     0     0     0     0     0     
     0     0     0     0     0     0     0     0     0     
     0     0     0     0     0     0     0     0     0     


Trial #3-------------------------

     A1    A2    A3    B1    B2    B3    C1    C2    C3    

A1   77    72    19    29    29    9     4     3     2     
     77    72    19    29    29    9     4     3     2     
     77    72    19    29    29    9     4     3     2     
     77    72    19    29    29    9     4     3     2     

bg   0     0     0     0     0     0     0     0     0     
     0     0     0     0     0     0     0     0     0     
     0     0     0     0     0     0     0     0     0     
     0     0     0     0     0     0     0     0     0     

A2   47    114   70    19    46    29    3     4     3     
     47    114   70    19    46    29    3     4     3     
     47    114   70    19    46    29    3     4     3     
     47    114   69    19    46    29    3     4     3     

bg   0     0     0     0     0     0     0     0     0     
     0     0     0     0     0     0     0     0     0     
     0     0     0     0     0     0     0     0     0     
     0     0     0     0     0     0     0     0     0     

A3   7     52    85    3     23    31    2     2     4     
     7     52    85    3     23    31    2     2     4     
     7     52    85    3     23    31    2     2     4     
     7     52    85    3     23    31    2     2     4     

bg   0     0     0     0     0     0     0     0     0     
     0     0     0     1     0     0     0     0     0     
     0     0     0     1     0     0     0     0     0     
     0     0     0     1     0     0     0     0     0     

B1   29    27    8     51    53    14    23    22    7     
     29    27    8     51    53    14    22    22    7     
     29    27    8     51    53    14    22    22    7     
     29    27    8     51    53    14    22    22    7     

bg   0     0     0     0     0     0     0     0     0     
     0     0     0     0     0     0     0     0     0     
     0     0     0     0     0     0     0     0     0     
     0     0     0     0     0     0     0     0     0     

B2   20    45    29    33    99    62    14    32    23    
     20    45    29    33    99    62    14    32    23    
     20    45    29    33    99    62    14    32    23    
     20    45    29    33    98    62    14    32    23    

bg   0     0     0     1     0     0     0     0     0     
     0     0     0     0     0     0     0     0     0     
     0     0     0     0     0     0     0     0     0     
     0     0     0     0     0     0     0     0     0     

B3   4     22    33    5     47    81    4     21    36    
     4     22    33    5     47    80    4     21    36    
     4     22    33    5     47    80    4     21    36    
     4     22    33    5     47    80    4     21    36    

bg   0     0     0     0     0     0     0     0     0     
     0     0     0     1     0     0     0     0     0     
     0     0     0     0     0     0     0     0     0     
     0     0     0     0     0     0     0     0     0     

C1   3     3     2     21    21    9     74    71    19    
     3     3     2     21    21    9     74    71    19    
     3     3     2     21    21    9     74    71    19    
     3     3     2     21    21    9     74    71    19    

bg   0     0     0     0     0     0     0     0     0     
     0     0     0     0     0     0     0     0     0     
     0     0     0     0     0     0     0     0     0     
     0     0     0     0     0     0     0     0     0     

C2   3     4     3     15    34    26    48    117   68    
     3     4     3     16    34    26    48    117   68    
     3     4     3     16    34    26    48    117   68    
     3     4     3     16    34    26    48    117   68    

bg   0     0     0     0     0     0     0     0     0     
     0     0     0     0     0     0     0     0     0     
     0     0     0     0     0     0     0     0     0     
     0     0     0     0     0     0     0     0     0     

C3   2     3     4     3     18    32    6     50    84    
     2     3     4     3     18    32    6     50    84    
     2     3     4     3     18    32    6     50    84    
     2     3     4     3     18    32    6     50    84    

bg   0     0     0     0     0     0     0     0     0     
     0     0     0     0     0     0     0     0     0     
     0     0     0     0     0     0     0     0     0     
     0     0     0     0     0     0     0     0     0     


Trial #4-------------------------

     A1    A2    A3    B1    B2    B3    C1    C2    C3    

A1   78    72    19    29    30    9     4     3     2     
     77    72    19    29    29    9     4     3     2     
     77    72    19    29    29    9     4     3     2     
     77    72    19    29    29    9     4     3     2     

bg   0     0     0     0     0     0     0     0     0     
     0     0     0     0     0     0     0     0     0     
     0     0     0     0     0     0     0     0     0     
     0     0     0     0     0     0     0     0     0     

A2   47    114   70    19    47    29    3     4     3     
     47    114   70    19    47    29    3     4     3     
     47    114   70    19    46    29    3     4     3     
     47    114   70    19    46    29    3     4     3     

bg   0     0     0     0     0     0     0     0     0     
     0     0     0     0     0     0     0     0     0     
     0     0     0     0     0     0     0     0     0     
     0     0     0     0     0     0     0     0     0     

A3   7     52    85    3     23    31    2     2     4     
     7     52    85    3     23    31    2     2     4     
     7     52    85    3     23    31    2     2     4     
     7     52    85    3     23    31    2     2     4     

bg   0     0     0     0     0     0     0     0     0     
     0     0     0     0     0     0     0     0     0     
     0     0     0     0     0     0     0     0     0     
     0     0     0     0     0     0     0     0     0     

B1   29    27    8     51    53    14    23    22    7     
     29    27    8     51    53    14    23    22    7     
     29    27    8     51    53    14    23    22    7     
     29    27    8     51    53    14    23    22    7     

bg   0     0     0     0     0     0     0     0     0     
     0     0     0     0     0     0     0     0     0     
     0     0     0     0     0     0     0     0     0     
     0     0     0     0     0     0     0     0     0     

B2   19    45    29    33    99    62    14    32    23    
     19    45    29    33    99    62    14    32    23    
     20    45    29    33    99    62    14    32    23    
     20    45    29    33    98    62    14    32    23    

bg   0     0     0     0     0     0     0     0     0     
     0     0     0     0     0     0     0     0     0     
     0     0     0     0     0     0     0     0     0     
     0     0     0     0     0     0     0     0     0     

B3   4     22    33    5     47    81    4     21    36    
     4     22    33    5     47    81    4     21    36    
     4     22    33    5     47    81    4     21    36    
     4     22    33    5     47    81    4     21    36    

bg   0     0     0     0     0     0     0     0     0     
     0     0     0     0     0     0     0     0     0     
     0     0     0     0     0     0     0     0     0     
     0     0     0     0     0     0     0     0     0     

C1   3     3     2     21    21    9     74    71    19    
     3     3     2     21    21    9     74    71    19    
     3     3     2     21    21    9     74    71    19    
     3     3     2     21    21    9     74    71    19    

bg   0     0     0     0     0     0     0     0     0     
     0     0     0     0     0     0     0     0     0     
     0     0     0     0     0     0     0     0     0     
     0     0     0     1     0     0     0     0     0     

C2   3     4     3     16    34    26    48    117   68    
     3     4     3     16    34    26    48    117   68    
     3     4     3     16    34    26    48    117   68    
     3     4     3     16    34    26    48    117   68    

bg   0     0     0     0     0     0     0     0     0     
     0     0     0     0     0     0     0     0     0     
     0     0     0     1     0     0     0     0     0     
     0     0     0     0     0     0     0     0     0     

C3   2     3     4     3     18    32    6     51    84    
     2     3     4     3     18    32    6     50    84    
     2     3     4     3     18    32    6     50    84    
     2     3     4     3     18    32    6     50    84    

bg   0     0     0     0     0     0     0     0     0     
     0     0     0     0     0     0     0     0     0     
     0     0     0     0     0     0     0     0     0     
     0     0     0     0     0     0     0     0     0     


