     A1    A2    A3    B1    B2    B3    C1    C2    C3    

A1   337   405   304   340   493   356   326   442   327   
     337   405   304   340   494   356   326   443   327   
     337   405   304   340   494   356   326   443   327   
     338   406   304   340   494   356   327   443   327   

bg   280   365   297   320   477   353   325   443   328   
     280   365   298   320   478   354   325   443   328   
     280   365   298   320   478   354   326   444   328   
     281   365   298   320   479   354   326   444   329   

A2   319   444   355   339   519   381   331   451   334   
     319   444   356   339   519   381   331   452   335   
     319   444   356   339   520   382   332   452   335   
     319   444   356   339   520   382   332   452   335   

bg   285   371   303   325   486   360   331   451   334   
     285   371   303   326   486   360   331   451   334   
     285   371   303   326   486   361   331   451   334   
     285   372   303   326   487   361   331   451   334   

A3   291   415   379   331   511   393   334   456   340   
     292   415   379   331   511   393   334   457   340   
     292   415   379   331   511   393   335   457   341   
     292   415   379   331   512   393   335   457   341   

bg   289   376   307   330   492   365   335   456   338   
     289   376   307   330   493   365   335   457   338   
     289   376   307   330   493   365   335   457   339   
     289   377   308   330   493   366   335   457   339   

B1   321   404   315   405   559   383   371   489   348   
     321   404   315   405   559   383   371   489   348   
     321   404   316   405   560   383   371   489   348   
     321   404   316   406   560   384   372   489   349   

bg   292   381   311   334   499   370   339   462   342   
     293   381   311   334   499   370   339   462   342   
     293   381   311   334   499   370   339   462   343   
     293   381   311   334   499   370   339   462   343   

B2   310   418   337   375   609   437   361   506   371   
     311   419   337   375   609   437   361   506   371   
     311   419   337   375   609   437   361   507   371   
     311   419   337   375   609   437   361   507   371   

bg   296   385   314   337   503   373   342   466   345   
     296   385   314   337   504   373   342   466   346   
     296   385   314   338   504   374   342   466   346   
     296   385   315   338   504   374   343   467   346   

B3   299   404   343   343   555   451   348   491   381   
     299   404   343   344   555   451   348   492   381   
     299   404   343   344   555   451   348   492   381   
     300   405   343   344   555   451   348   492   381   

bg   298   388   317   340   508   377   345   470   348   
     298   388   317   340   508   377   345   470   349   
     298   388   317   340   508   377   345   470   349   
     298   389   317   341   508   377   345   470   349   

C1   303   393   320   375   542   389   426   543   371   
     303   393   320   375   542   389   426   543   371   
     303   393   320   375   543   390   426   543   371   
     303   393   321   375   543   390   426   543   371   

bg   301   391   320   343   512   380   348   474   351   
     301   392   320   343   512   380   348   474   351   
     301   392   320   343   512   380   348   474   351   
     301   392   320   343   512   380   348   474   351   

C2   304   397   324   366   562   414   401   586   420   
     304   397   324   366   563   414   401   586   420   
     304   397   324   366   563   414   401   585   420   
     304   397   324   366   563   414   401   585   420   

bg   302   394   322   345   515   382   349   476   353   
     303   394   322   345   515   382   350   477   353   
     303   394   322   345   515   382   350   476   353   
     303   394   322   345   515   382   350   477   353   

C3   304   397   326   349   539   414   358   527   426   
     304   397   326   349   539   415   358   527   426   
     304   397   326   350   539   415   358   527   426   
     305   397   326   349   539   415   358   527   427   

bg   304   396   324   347   517   384   351   479   355   
     304   396   324   347   517   384   351   478   355   
     304   396   324   347   518   384   351   479   355   
     304   396   324   347   518   384   351   479   355   
