     A1    A2    A3    B1    B2    B3    C1    C2    C3    

A1   378   454   343   382   555   401   366   497   368   
     378   454   344   382   555   402   366   497   368   
     378   454   344   382   555   402   366   497   369   
     378   454   344   382   555   402   366   497   369   

bg   314   407   334   357   533   397   362   494   368   
     314   407   334   357   533   397   363   494   368   
     314   407   334   357   533   397   363   494   368   
     314   407   334   357   533   397   363   494   368   

A2   350   483   388   373   570   421   365   498   371   
     350   483   389   373   570   421   365   498   371   
     350   483   389   372   570   421   366   498   371   
     350   483   388   373   570   420   366   498   371   

bg   314   407   334   357   533   397   363   495   368   
     314   407   334   357   534   397   363   494   368   
     314   407   334   357   533   397   363   494   368   
     314   407   334   357   534   397   363   494   368   

A3   319   448   408   360   555   427   364   497   372   
     319   448   408   360   555   427   364   497   372   
     319   448   408   360   555   427   364   497   372   
     319   448   408   360   555   427   364   497   372   

bg   314   407   334   357   534   397   363   494   368   
     314   407   334   357   534   397   363   495   368   
     314   407   334   357   534   397   363   494   368   
     314   408   334   357   534   397   363   494   368   

B1   345   433   340   430   598   413   397   524   376   
     345   433   340   430   598   413   397   524   376   
     345   433   340   430   598   413   397   524   376   
     345   433   340   430   598   413   397   524   376   

bg   314   407   334   357   534   396   363   495   367   
     314   407   334   357   534   396   363   494   367   
     314   408   334   357   534   396   363   494   367   
     314   407   334   357   534   396   363   494   367   

B2   331   443   358   396   641   462   383   536   394   
     331   443   358   396   641   461   383   536   394   
     331   443   358   396   640   461   383   536   394   
     331   443   358   396   640   461   383   536   394   

bg   314   407   334   357   534   396   363   494   367   
     314   408   334   357   534   396   363   495   367   
     314   407   334   357   534   396   363   495   367   
     314   408   334   357   534   396   363   495   367   

B3   317   425   361   362   583   472   367   518   400   
     317   425   361   362   583   472   367   518   400   
     317   425   361   362   583   472   367   518   400   
     317   425   361   362   583   472   367   518   400   

bg   314   408   334   357   534   397   363   494   367   
     314   408   334   357   534   397   363   494   367   
     314   408   334   357   534   397   363   494   368   
     314   408   334   357   534   397   363   495   368   

C1   318   411   336   390   566   409   441   565   390   
     318   411   336   390   566   409   441   565   390   
     318   411   336   390   566   409   441   564   390   
     318   411   336   390   566   409   441   564   390   

bg   314   408   334   357   534   397   363   494   368   
     314   408   334   357   534   397   363   495   368   
     314   408   334   357   534   397   363   495   368   
     314   408   334   357   534   398   363   494   368   

C2   317   411   337   379   583   430   416   605   436   
     317   412   337   379   583   430   415   605   436   
     317   411   337   379   583   430   415   604   436   
     317   412   337   379   583   430   415   604   435   

bg   314   408   334   357   534   398   363   495   368   
     314   408   334   357   534   397   363   495   369   
     314   408   334   357   534   398   363   495   368   
     314   408   334   357   534   397   363   494   368   

C3   315   410   337   361   557   429   371   544   441   
     316   410   337   361   557   429   371   544   441   
     316   410   337   361   557   429   371   544   441   
     316   410   337   361   557   429   371   544   441   

bg   314   408   334   357   534   398   363   495   369   
     314   408   334   357   534   398   363   495   368   
     314   408   334   357   534   398   363   495   369   
     314   408   334   357   534   398   363   495   368   
