     A1    A2    A3    B1    B2    B3    C1    C2    C3    

A1   375   451   342   379   553   401   365   496   369   
     374   451   342   379   553   401   365   496   369   
     374   451   342   379   553   401   365   496   369   
     374   451   342   379   553   401   366   496   369   

bg   313   406   333   356   532   396   362   493   367   
     313   406   333   356   532   396   362   493   367   
     313   406   333   356   532   396   362   493   367   
     313   406   333   356   532   396   362   493   367   

A2   349   481   388   371   569   420   365   497   370   
     349   482   388   372   568   420   365   497   370   
     349   481   388   371   569   420   365   497   370   
     349   481   387   372   568   420   365   497   370   

bg   313   406   333   356   532   396   362   493   367   
     313   406   333   356   532   396   362   493   367   
     313   406   333   356   532   396   362   493   367   
     313   406   333   356   532   396   362   493   368   

A3   318   447   407   359   554   427   364   497   372   
     318   447   407   359   554   427   364   497   372   
     318   447   407   359   554   427   364   496   372   
     318   447   407   359   554   427   364   497   372   

bg   313   407   333   356   532   397   362   494   368   
     313   406   333   356   532   397   362   494   368   
     313   406   333   356   532   397   362   494   368   
     314   406   333   356   532   397   362   494   368   

B1   344   432   340   430   596   413   397   524   376   
     344   432   340   430   596   413   397   524   376   
     344   432   340   429   596   413   397   524   376   
     344   432   340   429   596   413   397   523   376   

bg   313   406   333   356   532   397   362   494   368   
     313   407   333   356   532   397   362   494   368   
     313   406   333   356   532   397   362   494   368   
     314   407   333   356   532   397   362   494   368   

B2   330   442   357   395   639   462   383   536   395   
     330   442   357   395   638   462   383   536   395   
     330   442   357   395   638   462   383   535   395   
     330   442   357   395   638   462   383   535   395   

bg   314   407   333   356   532   397   362   494   368   
     313   406   333   356   532   397   362   494   368   
     314   406   333   356   532   397   362   494   368   
     313   406   333   356   532   397   362   494   368   

B3   316   424   360   361   582   473   366   517   402   
     316   424   360   361   582   473   366   517   402   
     316   424   360   361   582   473   366   517   402   
     316   424   360   361   581   472   366   517   402   

bg   314   406   333   356   532   397   362   494   368   
     313   406   333   356   532   397   362   494   368   
     314   406   333   356   532   397   362   494   368   
     313   406   333   356   532   397   362   494   368   

C1   317   410   335   389   565   408   442   564   390   
     317   410   335   389   565   408   442   564   390   
     317   410   335   389   565   408   441   564   390   
     317   410   335   389   565   408   442   564   390   

bg   314   407   333   356   532   397   362   494   368   
     314   407   334   357   532   397   362   494   368   
     314   407   333   356   532   397   362   494   368   
     314   407   333   357   532   397   362   494   368   

C2   316   410   336   378   582   430   415   605   436   
     316   410   336   378   581   430   415   604   436   
     316   411   337   378   581   430   415   604   436   
     316   411   336   378   581   430   415   604   435   

bg   314   407   334   357   533   397   362   494   369   
     314   407   333   356   532   397   362   494   368   
     314   406   334   357   533   397   362   494   369   
     314   407   334   357   532   397   362   494   369   

C3   315   409   337   360   555   429   370   543   441   
     315   409   337   360   555   429   370   544   441   
     315   409   337   360   555   429   370   544   441   
     315   409   337   360   555   429   370   544   441   

bg   314   407   334   357   533   397   362   494   369   
     314   407   334   357   533   397   362   494   369   
     314   407   334   357   533   397   362   494   369   
     314   407   334   357   533   397   362   494   369   
