     A1    A2    A3    B1    B2    B3    C1    C2    C3    

A1   368   448   343   379   556   402   368   500   369   
     368   447   343   379   556   402   368   500   369   
     368   447   343   379   556   402   368   500   369   
     368   447   343   379   556   402   368   500   369   

bg   320   410   335   360   537   398   365   497   368   
     320   410   335   360   537   397   365   497   368   
     320   410   335   360   537   397   365   497   368   
     320   410   335   360   537   398   365   497   368   

A2   356   486   390   375   574   421   368   501   371   
     356   486   390   375   574   421   368   501   371   
     356   486   390   375   574   421   368   502   371   
     356   486   390   375   574   421   368   502   371   

bg   320   410   335   360   537   398   365   498   368   
     320   410   335   360   537   398   365   498   368   
     320   410   335   360   537   398   365   498   368   
     320   410   335   360   537   398   365   498   368   

A3   325   451   409   363   559   428   366   501   372   
     325   451   409   363   559   428   366   501   372   
     324   451   409   363   559   428   367   501   373   
     324   451   409   363   559   428   366   501   373   

bg   320   410   335   360   537   398   365   498   368   
     320   410   335   360   537   398   365   498   368   
     320   410   335   360   537   398   365   498   369   
     320   410   335   360   537   398   365   498   368   

B1   351   436   341   433   601   414   399   528   377   
     351   436   342   433   601   414   400   528   376   
     351   436   342   433   601   414   400   528   377   
     351   436   341   433   601   414   400   527   376   

bg   320   410   335   360   537   398   365   498   368   
     320   410   335   360   537   398   365   498   368   
     320   410   335   360   537   398   365   498   368   
     320   410   335   360   537   398   365   498   369   

B2   337   446   359   399   645   464   386   540   395   
     337   446   359   399   645   463   386   540   395   
     337   446   359   399   645   463   385   540   396   
     337   446   359   399   644   463   386   540   396   

bg   320   410   335   360   538   398   365   498   368   
     320   410   335   360   537   398   365   498   368   
     320   410   335   360   537   398   365   498   368   
     320   410   335   360   537   398   365   497   368   

B3   322   428   362   364   586   473   369   521   402   
     322   428   362   364   586   473   369   521   402   
     322   428   362   364   586   473   369   521   402   
     322   428   362   364   586   474   369   521   402   

bg   320   410   335   359   537   398   365   497   368   
     320   410   335   360   537   398   365   497   368   
     320   410   335   360   537   398   365   497   368   
     320   410   335   359   537   398   365   498   368   

C1   323   413   337   392   569   408   444   568   389   
     324   413   337   392   569   408   444   568   389   
     324   413   337   392   569   409   444   568   390   
     324   413   337   392   569   409   444   568   390   

bg   320   410   335   360   537   398   365   497   368   
     320   410   335   359   537   398   365   497   368   
     320   410   335   359   537   398   365   497   368   
     320   410   335   360   537   398   365   497   368   

C2   323   414   338   381   586   431   418   608   436   
     323   414   338   381   586   431   418   608   436   
     323   414   338   381   586   431   417   608   436   
     323   414   338   381   586   430   417   607   436   

bg   320   410   335   360   537   398   365   497   368   
     320   410   335   359   537   398   365   497   368   
     320   410   335   359   537   398   365   497   368   
     320   410   335   359   537   398   365   497   368   

C3   321   412   338   363   560   429   372   547   441   
     321   412   338   363   559   429   373   547   441   
     321   412   338   363   560   429   372   547   441   
     321   412   338   363   560   429   372   547   441   

bg   320   410   335   359   537   398   365   497   368   
     320   410   335   360   537   398   365   497   368   
     320   410   335   359   537   398   365   497   368   
     320   410   335   360   537   398   365   497   368   
