Trial #21-------------------------

     A1    A2    A3    B1    B2    B3    C1    C2    C3    

A1   149   179   110   119   113   96    85    126   114   
     1118   1118   475   610   704   411   386   533   477   
     1103   1106   472   604   699   410   386   533   477   
     1080   1085   470   595   691   410   385   533   477   

bg   1072   1078   466   592   689   409   385   533   477   
     355   460   265   319   439   325   349   504   453   
     204   260   253   238   340   312   336   492   452   
     205   261   254   239   341   313   337   494   454   

A2   205   752   254   327   523   313   337   511   464   
     761   1592   1041   474   869   591   371   542   491   
     760   1585   1038   473   866   590   371   541   490   
     759   1581   1036   473   865   590   372   542   491   

bg   619   1574   716   473   864   530   368   544   493   
     206   275   255   243   352   314   338   497   459   
     205   261   254   240   342   313   338   496   454   
     204   260   254   239   340   312   336   493   453   

A3   206   262   348   240   342   314   339   496   455   
     280   840   1207   278   562   555   351   522   499   
     286   835   1198   277   561   590   353   521   498   
     286   835   1190   277   562   590   353   521   498   

bg   285   725   1185   270   514   588   351   512   489   
     233   260   408   239   341   312   337   493   453   
     204   260   254   239   341   312   337   494   453   
     204   260   254   239   341   312   337   493   453   

B1   347   260   254   239   340   364   458   493   453   
     569   555   348   968   1048   512   734   821   537   
     568   608   347   1129   1135   510   730   852   558   
     568   608   348   1125   1132   510   729   851   559   

bg   527   607   315   750   1129   509   716   849   512   
     203   259   253   238   339   322   335   492   452   
     204   260   253   239   340   312   336   493   453   
     204   260   253   238   340   312   336   493   452   

B2   204   297   270   250   525   312   336   575   465   
     405   761   524   758   1614   945   505   970   764   
     449   761   524   756   1605   942   564   967   762   
     449   759   524   752   1592   940   564   963   760   

bg   449   758   524   751   1587   749   563   960   758   
     203   411   307   238   610   311   335   580   452   
     203   259   253   238   339   311   335   492   452   
     203   259   253   238   340   311   335   492   452   

B3   219   319   255   260   547   314   347   496   577   
     250   449   523   315   842   1019   386   766   874   
     247   450   523   313   841   1031   385   765   872   
     246   450   523   312   840   1026   384   765   871   

bg   245   449   451   310   813   1021   383   739   865   
     205   272   252   248   339   311   340   491   484   
     204   259   253   238   339   311   335   492   451   
     204   260   252   238   340   311   336   493   452   

C1   204   260   254   239   341   354   336   494   453   
     231   300   274   627   700   432   1303   1158   692   
     242   301   273   626   700   432   1299   1400   691   
     242   301   273   625   700   433   1295   1397   691   

bg   225   293   273   596   583   429   980   1065   648   
     201   258   257   234   338   310   332   489   450   
     201   258   251   234   338   310   332   490   450   
     200   260   252   236   337   312   331   489   453   

C2   204   259   253   235   338   311   353   490   451   
     231   295   284   473   847   570   948   1979   1147   
     230   304   283   472   870   679   946   1972   1312   
     231   305   284   474   871   681   945   1962   1314   

bg   230   284   276   403   869   537   943   1955   939   
     204   257   250   233   336   308   479   488   447   
     200   257   251   233   336   309   330   487   448   
     200   257   251   233   336   309   330   488   448   

C3   199   257   250   233   391   331   330   660   497   
     217   286   285   267   590   707   404   1133   1482   
     218   287   290   273   593   708   406   1135   1479   
     217   285   287   271   593   702   404   1132   1463   

bg   211   285   287   271   588   701   389   1121   1457   
     199   256   250   232   371   409   329   543   447   
     199   256   250   232   335   308   329   486   446   
     199   256   249   232   335   307   329   485   446   


Trial #22-------------------------

     A1    A2    A3    B1    B2    B3    C1    C2    C3    

A1   198   487   338   277   334   349   328   484   452   
     1101   1110   469   605   695   405   374   525   469   
     1100   1101   467   599   692   404   379   524   468   
     1080   1091   465   591   688   404   379   524   468   

bg   1072   1074   434   587   636   392   379   516   468   
     462   345   249   327   334   306   329   484   446   
     201   255   249   233   334   306   329   484   444   
     198   255   249   231   334   306   327   483   444   

A2   431   258   253   316   339   311   346   492   450   
     757   1590   938   467   745   531   364   531   482   
     755   1583   1034   465   860   584   362   531   481   
     754   1578   1030   465   857   583   361   530   480   

bg   682   1409   1028   463   646   582   359   530   473   
     197   253   247   241   331   304   325   480   441   
     196   253   247   231   331   304   325   480   440   
     199   253   247   231   331   304   326   480   441   

A3   200   254   521   232   332   333   327   482   442   
     264   660   1199   270   550   583   338   506   475   
     281   830   1194   270   552   583   342   507   485   
     281   828   1188   270   551   581   342   506   484   

bg   280   642   1161   265   550   579   341   505   483   
     200   253   247   232   331   362   326   487   441   
     200   253   247   232   331   304   326   480   441   
     199   253   247   232   331   304   326   479   440   

B1   297   253   247   232   572   304   405   615   447   
     565   596   321   929   1136   504   725   844   547   
     567   605   343   1128   1134   505   725   845   549   
     566   604   343   1124   1130   505   723   843   549   

bg   563   602   342   780   1123   466   718   835   547   
     203   253   247   231   382   304   358   480   441   
     198   253   247   231   332   304   326   480   441   
     199   253   247   232   331   304   326   479   440   

B2   199   358   315   232   331   304   326   479   539   
     370   755   517   746   1600   854   555   955   751   
     445   754   517   750   1592   933   554   952   750   
     445   752   517   745   1585   930   554   949   748   

bg   343   751   517   744   1323   928   475   814   746   
     199   336   248   231   330   303   325   478   456   
     199   253   246   231   330   303   326   478   439   
     199   252   246   231   330   303   326   478   439   

B3   204   252   246   245   330   462   328   478   439   
     240   442   439   304   749   1026   373   729   859   
     240   442   515   304   830   1020   373   750   857   
     238   442   514   302   828   1017   372   748   855   

bg   238   430   393   302   826   1011   372   748   773   
     202   252   245   242   329   370   334   477   439   
     195   252   245   228   330   302   323   477   439   
     196   252   246   229   330   303   324   478   440   

C1   196   252   249   396   368   303   324   657   439   
     237   294   266   621   692   424   1295   1394   637   
     237   294   267   620   692   424   1290   1389   680   
     237   295   267   619   691   425   1286   1382   680   

bg   226   281   267   604   691   392   1078   1379   679   
     196   252   247   228   422   302   323   625   439   
     196   252   246   229   330   303   324   479   440   
     196   253   246   229   331   303   324   479   440   

C2   196   253   246   229   531   303   324   479   502   
     226   295   278   468   865   655   897   1969   1312   
     226   299   278   468   864   675   941   1961   1309   
     225   298   277   468   863   673   937   1954   1301   

bg   225   298   264   407   856   672   936   1785   1299   
     204   252   245   228   329   302   323   477   694   
     196   252   246   228   330   303   324   478   440   
     197   254   247   230   332   305   326   482   442   

C3   196   256   250   229   330   422   349   479   772   
     213   280   283   261   582   698   396   956   1464   
     212   280   283   266   582   697   396   1116   1459   
     212   279   282   265   581   695   395   1113   1454   

bg   210   280   283   266   513   696   391   870   1450   
     196   258   251   229   330   307   324   479   485   
     196   253   247   229   331   303   324   480   440   
     196   253   246   229   331   303   324   480   440   


Trial #23-------------------------

     A1    A2    A3    B1    B2    B3    C1    C2    C3    

A1   196   602   246   260   330   303   324   480   440   
     984   1108   466   601   666   401   364   518   463   
     1087   1096   464   595   686   400   373   518   463   
     1076   1086   462   586   682   400   373   517   463   

bg   1068   1050   389   582   680   365   373   518   457   
     198   252   246   230   330   303   325   478   439   
     199   252   246   231   330   303   325   478   439   
     199   253   246   232   330   303   326   479   440   

A2   359   253   288   303   430   312   334   494   440   
     760   1589   1042   468   862   584   362   528   472   
     758   1584   1037   467   860   583   361   528   477   
     757   1579   1031   466   856   582   361   527   478   

bg   755   1229   1029   465   855   582   362   529   478   
     197   252   410   249   421   382   326   480   439   
     197   252   247   231   331   303   324   480   439   
     198   254   248   231   333   305   326   482   444   

A3   197   253   246   230   330   401   325   479   442   
     252   738   1197   268   550   582   340   504   483   
     281   829   1191   269   552   582   342   506   483   
     280   825   1185   268   550   580   340   503   481   

bg   279   823   981   265   538   570   334   498   480   
     198   251   245   230   329   302   324   477   452   
     198   251   245   230   329   301   324   476   437   
     198   251   245   230   329   301   324   476   437   

B1   250   289   244   229   328   300   358   475   472   
     563   602   337   896   914   451   721   786   543   
     563   602   339   1125   1129   501   719   837   542   
     562   601   339   1122   1126   501   717   835   543   

bg   559   600   339   802   830   412   714   835   542   
     244   342   271   228   328   301   396   475   440   
     199   251   244   230   328   301   324   475   436   
     200   251   244   231   328   301   324   475   436   

B2   200   426   365   230   327   369   324   532   435   
     443   754   516   727   1599   938   552   954   748   
     442   752   515   745   1598   934   551   950   745   
     443   751   516   744   1584   929   551   946   744   

bg   372   750   467   742   1577   927   497   944   677   
     197   266   245   230   329   431   324   587   438   
     197   251   244   228   327   300   322   473   436   
     196   250   243   228   327   300   321   474   434   

B3   197   250   244   241   457   300   322   583   435   
     238   440   490   302   830   1022   368   749   791   
     239   440   514   302   829   1018   371   748   854   
     239   441   514   302   828   1016   372   748   854   

bg   238   401   512   301   824   903   370   734   850   
     208   250   243   244   378   300   338   474   435   
     196   250   244   228   327   300   322   473   435   
     197   251   244   229   328   301   322   475   435   

C1   197   250   251   382   328   300   702   475   458   
     237   284   264   621   689   401   1295   1387   676   
     238   292   264   620   689   422   1290   1384   675   
     239   293   266   620   690   423   1287   1383   677   

bg   231   292   262   617   626   422   1178   1090   675   
     200   252   245   231   329   302   325   477   501   
     200   250   244   232   327   300   324   474   435   
     200   250   243   231   326   299   323   473   434   

C2   200   252   243   231   326   371   323   472   738   
     227   296   270   471   756   671   831   1897   1306   
     231   296   275   471   860   671   940   1959   1302   
     234   300   279   474   865   672   943   1955   1302   

bg   231   295   274   418   859   669   937   1941   1292   
     201   249   243   232   326   344   324   472   452   
     201   250   243   232   327   299   324   473   434   
     201   249   243   232   326   299   323   472   434   

C3   207   259   256   232   345   300   343   619   435   
     218   278   280   264   579   695   397   1115   1459   
     218   278   281   270   579   695   397   1114   1456   
     218   278   280   270   579   694   397   1112   1452   

bg   218   277   278   269   579   600   397   1109   1216   
     201   251   243   232   400   299   325   557   434   
     201   249   243   232   326   299   324   472   434   
     201   249   243   232   326   299   323   472   434   


Trial #24-------------------------

     A1    A2    A3    B1    B2    B3    C1    C2    C3    

A1   202   250   243   251   454   300   324   472   435   
     879   1104   417   605   689   390   359   511   454   
     1095   1093   461   599   684   397   373   512   457   
     1084   1082   458   589   680   396   373   511   457   

bg   1075   929   457   585   673   395   352   505   456   
     201   249   243   232   331   299   324   472   434   
     201   249   243   232   326   299   324   472   434   
     201   250   243   232   326   299   324   473   434   

A2   295   252   442   298   329   381   331   476   442   
     764   1304   1040   470   858   582   362   516   476   
     760   1579   1033   467   854   578   359   519   471   
     759   1575   1030   466   852   578   357   521   472   

bg   751   1037   1025   460   720   578   356   501   472   
     258   248   254   253   325   307   325   470   443   
     194   249   242   226   325   298   320   472   435   
     193   250   242   225   327   298   319   473   433   

A3   194   250   243   226   326   299   320   473   448   
     279   816   883   267   511   577   337   499   477   
     279   826   1185   267   546   576   338   498   476   
     280   822   1181   268   546   576   338   498   477   

bg   259   820   797   266   545   497   334   497   476   
     201   250   243   231   327   299   323   481   436   
     200   251   244   232   328   301   325   475   436   
     201   251   244   232   328   301   325   475   436   

B1   209   339   260   232   446   300   324   593   435   
     565   600   338   864   1129   499   716   837   543   
     566   599   339   1122   1125   499   720   834   541   
     564   597   337   1118   1117   497   716   831   540   

bg   566   599   340   840   1118   500   718   834   519   
     296   293   252   233   496   363   441   485   435   
     202   250   244   233   327   300   324   474   435   
     202   250   244   233   327   300   325   474   435   

B2   202   250   244   233   860   529   420   474   435   
     448   753   516   712   1600   936   555   952   705   
     448   752   515   749   1591   932   554   948   744   
     448   750   515   747   1583   929   553   945   743   

bg   406   694   413   746   1510   900   522   829   742   
     202   251   244   233   328   300   325   475   436   
     203   252   246   235   329   302   327   478   440   
     203   251   246   234   329   301   326   478   438   

B3   202   251   273   243   328   301   326   476   484   
     240   390   516   307   831   823   368   718   861   
     244   441   515   307   828   1017   374   747   857   
     245   441   515   307   828   1015   375   748   854   

bg   245   376   515   308   668   727   376   749   853   
     203   252   288   253   329   302   327   477   545   
     203   252   245   234   329   301   326   476   437   
     203   251   245   234   329   301   326   476   437   

C1   219   256   248   378   335   317   609   627   533   
     244   294   266   628   679   424   1302   1396   679   
     243   293   265   626   691   423   1296   1389   677   
     243   294   266   625   691   424   1292   1383   678   

bg   242   293   259   623   690   423   1285   1379   676   
     202   251   245   245   328   329   326   659   437   
     202   251   245   233   328   301   326   476   437   
     202   251   245   233   328   301   326   476   437   

C2   201   260   245   233   449   301   325   476   436   
     224   298   277   473   864   674   769   1969   1309   
     232   297   276   473   863   673   942   1960   1304   
     232   297   276   473   862   672   941   1954   1302   

bg   231   297   275   428   860   624   939   1843   1083   
     202   259   251   233   400   301   325   475   436   
     203   252   245   234   329   301   326   476   437   
     203   251   245   234   328   301   326   476   437   

C3   206   251   245   234   329   301   337   476   437   
     220   280   283   264   582   622   400   931   1338   
     219   279   282   271   582   697   399   1117   1458   
     219   279   282   271   582   697   399   1115   1455   

bg   218   277   272   254   549   696   398   894   1452   
     202   251   244   232   328   300   334   474   436   
     201   250   244   232   327   300   324   474   435   
     201   250   243   232   327   299   324   473   434   

