Trial #1-------------------------

     A1    A2    A3    B1    B2    B3    C1    C2    C3    

A1   99    102   52    57    66    50    46    67    62    
     99    102   52    57    66    50    46    67    62    
     98    101   52    57    65    50    46    67    62    
     98    101   52    57    65    50    46    67    62    

bg   24    32    35    27    40    43    42    64    60    
     24    32    35    27    40    43    42    64    60    
     24    32    35    27    40    43    42    64    60    
     24    32    35    27    40    43    42    64    60    

A2   68    140   101   44    77    69    45    67    63    
     68    140   101   44    77    69    45    67    63    
     68    140   101   44    77    69    45    67    63    
     68    140   101   44    77    69    45    67    63    

bg   24    32    35    27    40    43    42    64    60    
     24    32    35    27    40    43    42    64    60    
     24    32    35    27    40    43    42    64    60    
     24    32    35    27    40    43    42    64    60    

A3   31    83    117   30    62    74    43    66    64    
     31    83    117   30    62    74    43    66    64    
     31    83    117   30    62    74    43    66    64    
     30    83    117   30    62    73    43    66    64    

bg   24    32    34    27    40    43    42    63    60    
     24    32    34    27    40    43    42    63    60    
     24    32    34    27    40    43    42    63    60    
     24    32    34    27    40    43    42    63    60    

B1   52    56    39    96    90    53    73    91    67    
     52    56    39    96    90    53    73    91    67    
     52    56    40    96    90    53    73    91    67    
     52    56    40    96    90    54    73    91    67    

bg   24    33    35    27    41    43    42    64    60    
     24    33    35    27    41    43    42    64    60    
     24    32    35    27    40    43    42    64    60    
     24    32    34    27    40    43    42    64    60    

B2   38    67    58    59    122   102   58    100   85    
     38    67    58    59    122   102   58    100   85    
     38    67    58    58    122   102   58    99    85    
     38    67    58    58    122   102   58    99    85    

bg   24    32    34    27    40    43    42    63    60    
     24    32    34    27    40    43    42    63    60    
     24    32    34    27    40    43    42    63    60    
     24    32    34    27    40    43    42    63    60    

B3   26    53    66    30    88    125   45    87    97    
     26    53    66    30    88    125   45    87    97    
     26    53    66    30    88    125   45    87    97    
     26    53    66    30    88    125   45    87    98    

bg   24    32    34    27    40    43    42    63    60    
     24    32    34    27    40    43    42    63    60    
     24    32    34    27    40    43    42    63    60    
     24    32    34    27    40    43    42    63    60    

C1   27    36    36    59    69    53    123   139   80    
     27    36    36    59    69    53    123   139   80    
     27    36    36    59    69    53    123   139   80    
     27    36    36    59    69    53    123   139   80    

bg   24    33    35    27    41    43    43    64    60    
     24    32    35    27    40    43    43    64    60    
     24    32    35    27    40    43    42    64    60    
     24    32    34    27    40    43    42    64    60    

C2   26    36    37    45    81    73    92    184   131   
     26    36    37    45    81    73    92    184   130   
     26    36    37    45    81    73    92    184   130   
     26    36    37    45    81    73    92    184   130   

bg   24    32    34    27    40    43    42    63    60    
     24    32    34    27    40    43    42    63    60    
     24    32    34    27    40    43    42    63    60    
     24    32    34    27    40    43    42    63    60    

C3   25    34    38    30    61    77    48    116   144   
     25    34    37    30    61    77    48    116   144   
     25    34    37    30    61    77    48    116   144   
     25    34    37    30    61    77    48    116   144   

bg   24    32    34    27    40    43    42    63    59    
     24    32    34    27    40    43    42    63    60    
     24    32    34    27    40    43    42    63    59    
     24    32    34    27    40    43    42    63    59    


Trial #2-------------------------

     A1    A2    A3    B1    B2    B3    C1    C2    C3    

A1   98    101   52    57    65    50    46    66    61    
     98    101   52    57    65    50    46    66    61    
     97    101   52    56    65    50    46    66    61    
     97    101   52    56    65    50    46    66    61    

bg   24    32    34    27    40    43    42    63    60    
     24    32    34    27    40    43    42    63    60    
     24    32    34    27    40    43    42    63    60    
     24    32    34    27    40    43    42    63    59    

A2   68    140   101   43    77    69    45    67    62    
     68    140   101   43    77    69    44    67    62    
     68    140   101   43    77    69    44    67    62    
     68    140   101   43    77    69    44    67    62    

bg   24    32    34    27    40    43    42    63    60    
     24    32    34    27    40    43    42    63    60    
     24    32    34    27    40    43    42    63    60    
     24    32    34    27    40    43    42    63    59    

A3   30    82    116   30    61    73    43    65    63    
     30    82    116   30    62    73    43    65    63    
     30    82    116   30    62    73    43    65    63    
     30    82    116   30    61    73    43    65    63    

bg   24    32    34    27    40    43    42    63    59    
     24    32    34    27    40    43    42    63    59    
     24    32    34    27    40    43    42    63    60    
     24    32    34    27    40    43    42    63    60    

B1   52    56    39    96    89    53    73    91    66    
     52    56    39    96    89    53    74    91    66    
     52    56    39    96    89    53    74    91    66    
     52    56    39    96    89    53    74    91    66    

bg   24    32    34    27    41    43    43    64    60    
     24    33    35    28    41    44    43    64    60    
     24    33    35    28    41    44    43    65    61    
     25    33    35    28    41    44    43    65    61    

B2   39    68    60    60    124   104   60    103   88    
     40    69    60    60    124   104   60    103   88    
     40    69    61    60    125   105   61    104   89    
     40    69    61    60    125   105   61    104   89    

bg   25    33    36    28    42    45    44    66    62    
     24    33    35    28    41    44    43    65    61    
     24    33    35    28    41    43    43    64    60    
     24    32    34    27    40    43    42    64    60    

B3   26    53    66    30    88    126   45    87    98    
     26    53    66    31    88    126   46    87    98    
     26    53    66    31    88    126   46    87    98    
     26    53    66    31    88    126   45    87    98    

bg   24    32    34    27    40    43    42    63    59    
     24    32    34    27    40    43    42    63    59    
     24    32    34    27    40    43    42    63    59    
     24    32    34    27    40    43    42    63    59    

C1   27    35    36    59    68    52    122   138   79    
     27    35    36    59    68    52    121   138   79    
     27    35    36    59    68    52    121   138   79    
     27    35    36    59    68    52    121   137   79    

bg   24    32    34    27    40    43    42    63    59    
     24    32    34    27    40    43    42    63    59    
     24    32    34    27    40    43    42    63    59    
     24    32    34    27    40    43    42    63    59    

C2   26    35    37    45    81    73    92    184   130   
     26    35    37    45    81    73    92    184   130   
     26    35    37    45    81    73    92    183   130   
     26    35    37    45    80    73    92    183   130   

bg   24    32    34    27    40    43    42    63    59    
     24    32    34    27    40    43    42    63    59    
     24    32    34    27    40    43    42    63    59    
     24    32    34    27    40    43    42    63    59    

C3   25    34    37    30    61    77    48    116   144   
     25    34    37    30    61    77    48    116   143   
     25    34    37    30    61    77    48    116   143   
     25    34    37    30    61    77    48    116   143   

bg   24    32    34    27    40    43    42    63    59    
     24    32    34    27    40    43    42    63    59    
     24    32    34    27    40    43    42    63    59    
     24    32    34    27    40    43    42    63    59    


Trial #3-------------------------

     A1    A2    A3    B1    B2    B3    C1    C2    C3    

A1   98    101   52    56    65    50    46    66    61    
     97    101   52    56    65    50    46    66    61    
     97    101   52    56    65    50    46    66    61    
     97    100   52    56    65    50    46    66    61    

bg   24    32    34    27    40    43    42    63    59    
     24    32    34    27    40    43    42    63    59    
     24    32    34    27    40    43    42    63    59    
     24    32    34    27    40    43    42    63    59    

A2   68    140   101   43    77    69    44    66    62    
     68    140   101   43    77    68    44    66    62    
     68    140   101   43    77    68    44    66    62    
     68    140   101   43    77    68    44    66    62    

bg   24    32    34    27    40    43    42    63    59    
     24    32    34    27    40    43    42    63    59    
     24    32    34    27    40    43    42    63    59    
     24    32    34    27    40    43    42    63    59    

A3   30    82    116   30    61    73    43    65    63    
     30    82    116   30    61    73    43    65    63    
     30    82    116   30    61    73    43    65    63    
     30    82    116   30    61    73    43    65    63    

bg   24    32    34    27    40    43    42    63    59    
     24    32    34    27    40    43    42    63    59    
     24    32    34    27    40    43    42    63    59    
     24    32    34    27    40    43    42    63    59    

B1   51    55    39    96    89    53    73    90    66    
     51    55    39    96    89    52    73    90    65    
     51    55    39    96    88    52    73    90    65    
     51    55    39    95    88    52    73    90    65    

bg   24    32    34    27    40    42    42    62    59    
     24    32    34    27    40    43    42    62    59    
     24    32    34    27    40    43    42    62    59    
     24    32    34    27    40    43    42    62    59    

B2   38    66    58    58    121   101   57    99    84    
     38    66    58    58    121   101   57    99    84    
     38    66    58    58    121   101   57    98    84    
     38    66    58    58    121   101   57    98    84    

bg   24    32    34    27    40    42    42    62    59    
     24    32    34    27    40    42    42    62    59    
     24    32    34    27    40    42    42    62    59    
     24    32    34    27    40    42    42    62    59    

B3   26    52    66    30    88    125   45    86    97    
     26    52    66    30    88    125   45    86    97    
     26    52    66    30    88    125   45    86    97    
     26    52    66    30    88    125   45    86    97    

bg   24    32    34    27    39    42    42    62    59    
     23    32    34    27    39    42    42    62    59    
     23    32    34    27    39    42    42    62    59    
     24    32    34    27    40    42    42    62    59    

C1   27    35    35    59    67    52    121   137   78    
     27    35    35    58    67    52    121   137   78    
     27    35    35    58    67    52    121   137   78    
     27    35    35    58    67    52    120   137   78    

bg   23    32    34    27    39    42    41    62    59    
     23    32    34    27    39    42    41    62    59    
     23    32    34    27    39    42    41    62    59    
     23    32    34    27    39    42    42    62    58    

C2   26    35    36    45    80    73    91    183   129   
     25    35    36    45    80    73    91    183   129   
     25    35    36    45    80    73    91    183   129   
     25    35    36    45    80    73    91    183   129   

bg   23    32    34    27    39    42    41    62    59    
     23    32    34    27    39    42    41    62    59    
     23    32    34    27    39    42    41    62    59    
     23    32    34    27    39    42    41    62    58    

C3   25    34    37    30    60    76    47    115   142   
     25    34    37    30    60    76    47    115   142   
     25    34    37    30    60    76    47    115   142   
     25    34    37    30    60    76    47    115   142   

bg   23    32    34    27    39    42    41    62    59    
     23    32    34    27    39    42    41    62    59    
     23    32    34    27    39    42    41    62    59    
     23    32    34    27    39    42    41    62    58    


Trial #4-------------------------

     A1    A2    A3    B1    B2    B3    C1    C2    C3    

A1   98    101   51    56    64    49    45    65    60    
     98    101   51    56    64    49    45    65    60    
     97    100   51    56    64    49    45    65    60    
     97    100   51    56    64    49    45    65    60    

bg   23    32    34    27    39    42    41    62    58    
     23    32    34    27    39    42    41    62    58    
     23    32    34    27    39    42    41    62    58    
     23    32    34    27    39    42    41    62    59    

A2   68    140   101   43    76    68    44    66    61    
     68    140   101   43    76    68    44    66    61    
     68    140   101   43    76    68    44    66    61    
     68    140   101   43    76    68    44    65    61    

bg   23    31    33    27    39    42    41    62    58    
     23    31    33    27    39    42    41    62    58    
     23    31    33    27    39    42    41    62    58    
     23    32    34    27    39    42    41    62    58    

A3   30    82    116   29    61    73    43    64    62    
     30    82    116   29    61    73    43    64    62    
     30    82    116   29    61    73    43    64    62    
     30    82    116   29    61    73    43    64    62    

bg   23    32    34    27    39    42    41    62    58    
     23    32    34    27    39    42    41    62    58    
     23    32    34    27    39    42    41    62    58    
     23    32    34    27    39    42    41    62    58    

B1   51    55    39    96    88    52    73    89    65    
     51    55    38    96    88    52    73    89    65    
     51    55    39    95    88    52    72    89    65    
     51    55    39    95    88    52    72    89    65    

bg   23    32    34    27    39    42    41    62    58    
     23    32    34    27    39    42    41    62    58    
     23    32    34    27    39    42    41    62    58    
     23    32    34    27    39    42    41    62    58    

B2   38    66    57    58    121   101   57    98    83    
     38    66    57    58    121   101   57    98    83    
     38    66    57    58    121   101   57    98    83    
     38    66    57    58    120   100   57    98    83    

bg   23    31    33    27    39    42    41    62    58    
     23    31    33    27    39    42    41    62    58    
     23    31    33    27    39    42    41    62    58    
     23    31    33    27    39    42    41    62    58    

B3   25    52    65    30    87    125   44    86    96    
     25    52    65    30    87    124   44    86    96    
     25    52    65    30    87    124   44    86    96    
     25    52    65    30    87    124   44    86    96    

bg   23    31    33    27    39    42    41    62    58    
     23    31    33    27    39    42    41    62    58    
     23    31    33    27    39    42    41    62    58    
     23    31    33    27    39    42    41    62    58    

C1   27    35    35    58    67    52    121   137   78    
     27    35    35    58    67    52    121   137   78    
     27    35    35    58    67    52    121   137   78    
     27    35    35    58    67    52    121   137   78    

bg   23    31    33    27    39    42    41    62    58    
     23    31    33    27    39    42    41    62    58    
     23    31    33    27    39    42    41    62    58    
     23    31    33    26    39    42    41    62    58    

C2   25    35    36    45    80    72    91    182   129   
     25    35    36    45    80    72    91    182   129   
     25    35    36    45    80    72    91    182   129   
     25    35    36    45    80    72    91    182   129   

bg   23    31    33    27    39    42    41    62    58    
     23    31    33    27    39    42    41    62    58    
     23    31    33    27    39    42    41    62    58    
     23    31    33    27    39    42    41    62    58    

C3   24    34    37    29    60    76    47    114   142   
     24    34    37    29    60    76    47    114   142   
     24    34    37    29    60    76    47    114   142   
     24    34    37    29    60    76    47    114   142   

bg   23    31    33    26    39    42    41    62    58    
     23    31    33    26    39    42    41    62    58    
     23    31    33    27    39    42    41    62    58    
     23    31    33    27    39    42    41    62    58    


