Trial #1-------------------------

     A1    A2    A3    B1    B2    B3    C1    C2    C3    

A1   76    67    40    51    62    44    38    55    50    
     75    66    40    51    62    44    38    55    50    
     75    66    40    51    62    44    39    55    50    
     75    66    40    51    62    44    39    55    50    

bg   17    25    28    24    38    37    35    52    49    
     17    25    28    24    38    37    35    52    49    
     17    25    28    24    38    37    35    52    49    
     17    25    28    24    38    37    35    52    49    

A2   41    112   92    39    80    65    37    56    52    
     41    112   91    39    79    65    37    56    52    
     41    112   91    39    79    65    37    56    52    
     41    112   91    39    79    65    37    56    52    

bg   17    25    28    24    38    37    35    52    49    
     17    25    28    24    38    37    35    52    49    
     17    25    28    24    38    37    35    52    49    
     17    25    28    24    38    37    35    52    49    

A3   22    75    111   27    61    68    36    55    53    
     22    75    111   27    61    69    36    55    53    
     22    75    111   27    61    69    36    55    53    
     22    75    111   27    61    69    36    55    53    

bg   17    25    29    24    38    38    35    52    49    
     17    25    29    24    38    38    35    52    49    
     17    25    29    24    38    38    35    52    49    
     17    25    29    24    38    38    35    53    49    

B1   45    51    36    98    104   55    68    83    58    
     45    51    36    97    104   55    68    83    58    
     45    51    36    97    104   55    68    83    58    
     45    51    36    97    104   55    68    83    59    

bg   18    25    29    24    39    38    35    53    50    
     17    25    29    24    38    38    35    53    50    
     17    25    29    24    38    38    35    53    50    
     17    25    29    24    38    38    35    53    50    

B2   36    70    58    67    153   109   54    94    78    
     36    70    58    67    153   108   54    94    78    
     36    70    58    67    153   108   54    94    78    
     36    70    58    67    153   108   54    94    78    

bg   17    25    29    24    38    38    35    52    49    
     17    25    29    24    38    38    35    52    49    
     17    25    29    24    38    38    35    52    49    
     17    25    29    24    38    38    35    52    49    

B3   21    48    62    30    94    123   39    78    88    
     21    48    61    30    94    123   39    78    88    
     21    48    61    30    94    123   39    78    88    
     21    48    61    30    94    122   39    78    88    

bg   17    25    28    24    38    37    35    52    49    
     17    25    28    24    38    37    35    52    49    
     17    25    28    24    38    37    35    52    49    
     17    25    28    24    38    37    35    52    49    

C1   20    28    30    57    68    48    115   128   69    
     20    28    30    57    68    48    115   128   69    
     20    28    30    57    68    48    115   128   69    
     20    28    30    57    68    48    115   128   70    

bg   17    25    29    24    38    38    35    53    49    
     17    25    29    24    38    38    35    53    49    
     17    25    29    24    38    38    35    53    49    
     17    25    29    24    38    38    35    52    49    

C2   19    29    31    43    82    69    85    173   120   
     19    28    31    43    82    69    85    173   120   
     19    28    31    43    82    69    85    173   120   
     19    28    31    43    82    69    85    173   120   

bg   17    25    28    24    38    37    35    52    49    
     17    25    28    24    38    37    35    52    49    
     17    25    28    24    38    37    35    52    49    
     17    25    28    24    38    37    35    52    49    

C3   18    27    32    27    60    72    41    105   133   
     18    27    32    27    60    72    41    105   133   
     18    27    32    27    60    72    41    105   133   
     18    27    32    27    60    72    41    105   133   

bg   17    25    28    24    37    37    34    52    49    
     17    25    28    24    38    37    35    52    49    
     17    25    28    24    37    37    35    52    49    
     17    25    28    24    37    37    35    52    49    


Trial #2-------------------------

     A1    A2    A3    B1    B2    B3    C1    C2    C3    

A1   76    67    40    51    62    44    39    55    50    
     76    67    40    51    62    44    39    55    50    
     76    66    40    51    62    44    39    55    50    
     76    66    40    51    62    44    39    55    50    

bg   17    25    28    24    38    37    35    52    49    
     17    25    28    24    38    37    35    52    49    
     17    25    28    24    38    37    35    52    49    
     17    25    28    24    38    37    35    52    49    

A2   41    113   92    39    80    65    37    56    52    
     41    113   92    39    80    65    37    56    52    
     41    113   92    39    80    65    37    56    52    
     41    113   92    39    80    65    38    56    52    

bg   17    25    28    24    38    38    35    52    49    
     17    25    28    24    38    38    35    52    49    
     17    25    28    24    38    38    35    52    49    
     17    25    28    24    38    38    35    52    49    

A3   22    75    112   27    61    69    36    55    53    
     22    75    112   27    61    69    36    55    53    
     22    75    112   27    61    69    36    55    53    
     22    75    111   27    61    69    36    55    53    

bg   17    25    29    24    38    38    35    52    49    
     17    25    29    24    38    38    35    52    49    
     17    25    29    24    38    38    35    52    49    
     17    25    29    24    38    38    35    52    49    

B1   45    51    36    97    104   55    68    83    58    
     45    51    36    97    104   55    68    83    58    
     45    51    36    97    104   55    67    83    58    
     45    51    36    97    104   55    67    83    58    

bg   17    25    29    24    38    38    35    52    49    
     17    25    29    24    38    38    35    52    49    
     17    25    29    24    38    38    35    53    49    
     17    25    29    24    38    38    35    53    49    

B2   36    70    58    67    153   109   54    94    78    
     36    70    58    67    153   108   54    94    78    
     36    70    58    67    153   108   54    94    78    
     36    70    58    67    153   108   54    94    78    

bg   17    25    29    24    38    38    35    53    50    
     17    25    29    24    38    38    35    53    50    
     17    25    29    24    38    38    35    53    50    
     17    25    29    24    38    38    35    53    49    

B3   21    48    62    31    94    123   40    78    89    
     21    48    62    31    94    123   40    78    89    
     21    48    62    31    94    123   40    79    89    
     21    48    62    31    94    123   40    79    89    

bg   17    25    29    24    38    38    35    53    50    
     17    25    29    24    38    38    35    53    50    
     17    25    29    24    38    38    35    53    50    
     17    25    29    24    38    38    35    53    50    

C1   21    29    31    57    69    49    115   129   70    
     21    29    31    57    69    49    115   129   70    
     21    29    31    57    69    49    115   129   70    
     21    29    31    57    69    49    115   129   70    

bg   18    26    29    25    39    39    36    54    51    
     18    26    29    25    39    39    36    54    51    
     18    26    30    25    39    39    36    55    51    
     18    26    30    25    39    39    36    55    51    

C2   20    29    32    44    83    71    86    176   122   
     20    29    32    44    83    71    86    175   122   
     20    29    32    44    83    71    86    175   122   
     20    29    32    44    83    71    86    175   122   

bg   18    26    29    25    39    39    36    54    51    
     18    26    30    25    39    39    36    54    51    
     18    26    30    25    39    39    36    54    51    
     18    26    30    25    39    39    36    54    51    

C3   19    28    33    28    61    73    42    107   135   
     19    28    33    28    61    74    42    107   135   
     19    28    33    28    61    74    42    107   136   
     19    28    33    28    61    74    42    107   136   

bg   18    26    30    25    40    39    36    55    51    
     18    26    30    25    40    39    36    55    51    
     18    26    30    25    40    39    36    55    51    
     18    26    30    25    40    39    36    55    51    


Trial #3-------------------------

     A1    A2    A3    B1    B2    B3    C1    C2    C3    

A1   77    68    41    53    64    46    40    58    53    
     76    68    41    52    64    46    40    58    53    
     76    68    41    52    64    46    41    58    53    
     76    67    41    52    64    46    41    58    53    

bg   18    26    30    25    40    40    37    55    52    
     18    26    30    25    40    40    37    55    52    
     18    26    30    25    40    40    37    55    52    
     18    26    30    25    40    40    37    55    52    

A2   42    115   94    40    82    67    40    59    55    
     42    115   93    40    82    67    40    59    55    
     42    115   93    40    82    67    40    59    55    
     42    115   93    41    82    67    40    60    55    

bg   18    27    30    26    40    40    37    56    52    
     18    27    30    26    40    40    37    56    52    
     18    27    30    26    40    40    37    56    52    
     18    27    30    26    40    40    37    56    52    

A3   23    76    113   28    63    71    38    58    56    
     23    76    113   28    63    71    38    58    56    
     23    76    113   28    63    71    38    58    56    
     23    76    112   28    63    70    38    58    56    

bg   18    26    30    25    40    40    37    55    52    
     18    26    30    25    40    40    37    55    52    
     18    26    30    25    40    40    37    55    52    
     18    26    30    25    40    40    37    55    52    

B1   46    52    37    99    106   57    69    85    61    
     46    52    37    98    106   57    69    85    61    
     46    52    37    98    106   57    69    85    61    
     45    52    37    96    105   57    68    85    61    

bg   18    26    30    25    40    40    37    55    52    
     18    26    30    25    40    40    37    55    52    
     18    26    30    25    40    40    37    55    52    
     18    26    30    25    40    40    37    55    52    

B2   37    71    60    69    155   111   56    97    81    
     37    71    60    68    155   111   56    97    81    
     37    71    60    68    155   110   56    97    81    
     37    71    60    68    155   110   56    97    81    

bg   18    26    30    25    40    40    37    55    52    
     18    26    30    25    40    40    37    55    52    
     18    26    30    25    40    40    37    55    52    
     18    26    30    25    40    40    37    55    52    

B3   22    49    63    32    96    125   41    81    91    
     22    49    63    32    96    125   41    81    91    
     22    49    63    32    96    125   41    81    91    
     22    49    63    32    96    125   41    81    91    

bg   18    26    30    25    40    40    37    55    52    
     18    26    30    25    40    40    37    55    52    
     18    26    30    25    40    40    37    55    52    
     18    26    30    25    40    40    37    55    52    

C1   21    30    32    58    70    50    117   131   72    
     21    30    32    58    70    50    117   131   72    
     21    30    32    58    70    50    117   131   72    
     21    30    32    58    70    50    117   131   72    

bg   18    26    30    25    40    40    37    55    52    
     18    26    30    25    40    40    37    55    52    
     18    26    30    26    40    40    37    55    52    
     18    26    30    26    40    40    37    55    52    

C2   21    30    33    45    84    71    87    177   123   
     20    30    33    45    84    71    87    177   123   
     20    30    33    45    84    71    87    177   123   
     21    30    33    45    84    71    87    177   123   

bg   18    26    30    26    40    40    37    55    52    
     18    26    30    26    40    40    37    55    52    
     18    26    30    26    40    40    37    55    52    
     19    26    30    26    40    40    37    55    52    

C3   20    29    34    29    62    74    43    108   137   
     20    29    34    29    62    74    43    108   136   
     20    29    34    29    62    74    43    108   136   
     20    29    34    29    62    74    43    108   136   

bg   19    26    30    26    40    40    37    55    52    
     19    26    30    26    40    40    37    55    52    
     19    26    30    26    40    40    37    56    52    
     19    27    30    26    40    40    37    56    52    


Trial #4-------------------------

     A1    A2    A3    B1    B2    B3    C1    C2    C3    

A1   77    68    41    53    65    46    41    59    54    
     77    68    41    53    65    46    41    59    54    
     77    68    41    53    65    46    41    59    54    
     77    68    41    53    64    46    41    58    54    

bg   19    27    30    26    40    40    37    56    52    
     19    27    30    26    40    40    37    56    52    
     19    27    30    26    40    40    37    56    52    
     19    27    30    26    40    40    37    56    52    

A2   43    115   94    41    83    68    40    60    56    
     43    115   94    41    82    67    40    60    56    
     43    115   94    41    82    67    40    60    56    
     43    115   94    41    82    67    40    60    56    

bg   19    27    30    26    40    40    37    56    52    
     19    27    30    26    40    40    37    56    52    
     19    27    30    26    40    40    37    56    52    
     19    27    30    26    40    40    37    56    52    

A3   24    76    113   29    63    71    39    58    57    
     24    76    113   29    63    71    39    58    57    
     24    76    113   29    63    71    39    58    57    
     24    76    113   29    63    71    39    58    57    

bg   19    27    31    26    41    40    38    56    53    
     19    27    31    26    41    40    38    56    53    
     19    27    31    26    41    40    38    56    53    
     19    27    31    26    40    40    38    56    53    

B1   47    53    38    99    106   57    70    86    61    
     47    53    38    99    106   57    70    86    61    
     47    52    38    99    106   57    70    86    61    
     47    52    38    99    106   57    70    86    61    

bg   19    27    30    26    40    40    38    56    52    
     19    27    30    26    40    40    38    56    52    
     19    27    30    26    40    40    38    56    53    
     19    27    30    26    40    40    38    56    53    

B2   37    71    60    69    156   111   57    98    82    
     37    71    60    69    156   111   57    98    82    
     37    71    60    69    155   111   57    98    82    
     37    71    60    69    155   111   57    98    82    

bg   19    27    31    26    41    40    38    56    53    
     19    27    31    26    41    40    38    56    53    
     19    27    31    26    41    40    38    56    53    
     19    27    31    26    41    40    38    56    53    

B3   22    50    64    33    97    126   42    82    92    
     22    50    64    33    97    126   42    82    92    
     22    50    64    33    97    126   42    82    92    
     22    50    64    33    97    126   42    82    92    

bg   19    27    31    26    41    41    38    56    53    
     19    27    31    26    41    40    38    56    53    
     19    27    31    26    41    40    38    56    53    
     19    27    31    26    41    40    38    56    53    

C1   22    30    32    59    71    51    118   132   73    
     22    30    32    59    71    51    118   132   73    
     22    30    32    59    71    51    118   132   73    
     22    30    33    59    71    51    118   132   73    

bg   19    27    31    26    41    41    38    56    53    
     19    27    31    26    41    41    38    56    53    
     19    27    31    26    41    41    38    56    53    
     19    27    31    26    41    40    38    56    53    

C2   21    30    34    46    85    72    88    178   124   
     21    30    34    46    85    72    88    178   124   
     21    30    34    46    85    72    88    178   124   
     21    30    34    46    85    72    88    178   124   

bg   19    27    31    26    41    41    38    56    53    
     19    27    31    26    41    41    38    56    53    
     19    27    31    26    41    41    38    56    53    
     19    27    31    26    41    41    38    56    53    

C3   20    29    34    29    63    75    44    109   137   
     20    29    34    29    63    75    44    109   137   
     20    29    34    29    63    75    44    109   137   
     20    29    34    29    63    75    44    109   137   

bg   19    27    31    26    41    41    38    56    53    
     19    27    31    26    41    40    38    56    53    
     19    27    31    26    41    40    38    56    53    
     19    27    31    26    41    40    38    56    53    


