Trial #1-------------------------

     A1    A2    A3    B1    B2    B3    C1    C2    C3    

A1   99    102   50    59    69    44    44    61    56    
     98    102   50    59    68    44    44    62    56    
     98    102   50    59    68    44    44    62    56    
     98    101   50    59    68    44    44    62    56    

bg   24    32    32    28    39    36    40    59    54    
     24    32    32    28    39    36    40    59    54    
     24    32    32    29    39    36    40    59    54    
     25    32    32    29    39    36    40    59    55    

A2   71    144   101   49    86    62    44    64    58    
     71    144   101   49    86    62    44    64    58    
     71    144   101   49    86    62    44    64    59    
     71    144   101   49    86    62    44    65    59    

bg   26    33    34    30    41    38    42    62    57    
     26    34    34    30    41    38    42    63    58    
     26    34    34    30    42    38    43    63    58    
     26    34    34    31    42    39    43    63    59    

A3   33    85    118   34    63    67    45    66    63    
     34    85    118   35    64    67    45    67    63    
     34    86    118   35    64    67    45    67    63    
     34    86    118   35    64    67    45    67    64    

bg   27    36    36    32    44    40    45    66    61    
     28    36    36    32    44    41    45    66    62    
     28    36    36    32    44    41    45    67    62    
     28    36    36    32    44    41    45    67    62    

B1   58    65    44    106   110   57    78    97    70    
     58    65    44    106   110   57    78    97    70    
     58    65    44    106   110   57    78    97    70    
     58    65    44    106   110   57    78    97    70    

bg   28    36    36    32    44    41    45    67    62    
     28    36    36    32    44    41    45    67    62    
     28    36    36    32    44    41    45    67    62    
     28    36    37    32    44    41    45    67    62    

B2   48    81    63    76    150   87    65    106   84    
     48    81    63    76    150   87    65    106   84    
     48    81    63    76    150   87    65    106   84    
     48    81    63    76    150   87    65    106   84    

bg   28    36    37    33    44    41    46    68    62    
     28    36    37    33    45    41    46    68    63    
     28    37    37    33    45    41    46    68    63    
     28    37    37    33    45    42    46    68    63    

B3   32    56    66    39    82    99    51    87    94    
     32    56    66    40    82    99    51    88    94    
     32    56    66    40    82    99    51    88    94    
     32    56    66    40    82    100   51    88    94    

bg   29    38    38    34    46    43    47    70    65    
     29    38    38    34    46    43    47    70    65    
     29    38    38    34    46    43    47    70    65    
     29    38    38    34    46    43    47    70    65    

C1   32    41    40    66    76    52    127   145   84    
     32    41    40    66    76    52    127   145   84    
     32    41    39    66    76    52    127   145   84    
     32    41    39    66    75    52    126   144   84    

bg   28    36    37    33    45    41    46    68    63    
     28    36    37    32    44    41    45    67    62    
     28    36    36    32    44    41    45    67    62    
     27    36    36    32    44    40    45    66    61    

C2   29    39    38    51    84    65    94    185   129   
     29    38    37    50    84    65    94    185   129   
     29    38    37    50    83    64    93    184   128   
     29    38    37    50    83    64    93    183   127   

bg   26    34    34    30    41    38    42    62    57    
     26    33    34    30    41    38    42    62    57    
     26    33    34    30    41    38    42    62    57    
     26    33    34    30    41    38    42    62    57    

C3   27    35    36    33    56    64    47    112   138   
     27    35    36    33    56    64    47    112   137   
     27    35    36    32    56    64    47    111   137   
     26    35    36    32    56    63    47    111   137   

bg   25    33    33    29    40    37    41    60    56    
     25    32    33    29    40    37    41    60    56    
     25    32    33    29    40    37    41    60    55    
     25    32    33    29    40    36    41    60    55    


Trial #2-------------------------

     A1    A2    A3    B1    B2    B3    C1    C2    C3    

A1   99    103   51    60    70    45    45    63    57    
     99    103   51    60    70    44    45    63    57    
     99    102   51    59    69    44    45    63    57    
     99    102   51    59    69    44    45    63    57    

bg   25    32    32    29    39    36    40    60    55    
     25    32    32    29    39    36    40    59    55    
     25    32    32    29    39    36    40    59    55    
     25    32    32    29    39    36    40    59    55    

A2   70    143   100   48    85    61    43    63    57    
     70    143   100   48    85    61    43    63    57    
     70    142   100   48    85    61    43    63    57    
     70    142   100   48    84    61    43    63    57    

bg   24    32    32    28    39    36    40    58    54    
     24    32    32    28    39    36    40    58    54    
     24    32    32    28    39    36    40    58    54    
     24    32    32    28    39    36    40    59    54    

A3   31    82    114   32    60    63    41    61    58    
     31    82    114   32    60    63    41    61    58    
     31    82    114   32    60    63    41    61    58    
     31    82    114   32    60    63    41    61    58    

bg   24    32    32    28    39    36    40    58    54    
     24    32    32    28    39    36    40    58    54    
     24    32    32    28    39    36    40    58    54    
     24    32    32    28    38    36    40    58    54    

B1   54    60    40    101   104   51    72    88    62    
     54    60    40    101   104   51    72    88    62    
     54    60    40    101   104   51    72    88    62    
     54    60    40    101   104   51    72    88    62    

bg   24    32    32    28    38    35    39    58    54    
     24    32    32    28    38    35    39    58    54    
     24    31    32    28    38    35    39    58    54    
     24    31    32    28    38    35    39    58    54    

B2   44    75    57    71    143   81    58    96    75    
     44    75    57    71    143   81    58    95    75    
     44    75    57    71    143   81    58    95    74    
     44    75    57    71    143   81    58    95    74    

bg   24    31    31    28    38    35    39    58    53    
     24    31    32    28    38    35    39    58    53    
     24    31    32    28    38    35    39    58    54    
     24    31    32    28    38    35    39    58    54    

B3   28    50    60    34    74    92    43    76    83    
     28    50    60    34    74    92    43    76    83    
     28    50    60    34    74    92    43    76    83    
     28    50    60    34    74    92    43    77    83    

bg   25    32    32    29    39    36    40    59    55    
     25    32    32    29    39    36    40    59    55    
     25    32    32    29    39    36    40    59    55    
     25    32    32    29    39    36    40    59    55    

C1   28    35    34    61    69    46    119   134   74    
     28    35    34    61    69    46    119   134   74    
     28    35    34    61    68    45    119   134   74    
     28    35    34    61    68    46    119   134   74    

bg   24    32    32    28    39    36    40    59    54    
     24    32    32    29    39    36    40    59    54    
     24    32    32    29    39    36    40    59    54    
     24    32    32    29    39    36    40    59    54    

C2   27    36    35    48    80    61    90    179   123   
     27    36    35    48    80    62    90    179   124   
     27    36    35    48    80    62    90    179   124   
     27    36    35    48    80    62    90    179   124   

bg   25    32    32    29    39    36    40    59    55    
     25    32    32    29    39    36    40    59    55    
     25    32    32    29    39    36    40    59    55    
     25    32    32    29    39    36    40    59    55    

C3   26    34    35    32    55    63    46    110   136   
     26    34    35    32    55    63    46    110   136   
     26    34    35    32    55    63    46    110   136   
     26    34    35    32    55    63    46    110   136   

bg   24    32    32    29    39    36    40    59    54    
     24    32    32    29    39    36    40    59    54    
     24    32    32    29    39    36    40    59    54    
     24    32    32    29    39    36    40    59    55    


Trial #3-------------------------

     A1    A2    A3    B1    B2    B3    C1    C2    C3    

A1   99    103   51    59    69    44    44    62    56    
     99    102   51    59    69    44    44    62    56    
     99    102   51    59    69    44    44    62    56    
     99    102   51    59    69    44    44    62    56    

bg   25    32    32    29    39    36    40    59    54    
     25    32    32    29    39    36    40    59    55    
     25    32    32    29    39    36    40    59    55    
     25    32    32    29    39    36    40    59    55    

A2   70    143   100   48    85    61    43    63    58    
     70    143   100   48    85    61    43    63    57    
     70    143   100   48    85    61    43    63    57    
     70    143   100   48    85    61    43    63    57    

bg   25    32    32    29    39    36    40    59    54    
     25    32    32    29    39    36    40    59    54    
     25    32    32    29    39    36    40    59    55    
     25    32    32    29    39    36    40    59    55    

A3   31    82    115   32    60    63    41    61    58    
     31    82    115   32    60    63    42    61    58    
     31    82    115   32    60    63    42    61    58    
     31    82    115   32    60    63    42    61    58    

bg   25    32    32    29    39    36    40    60    55    
     25    32    33    29    39    36    40    60    55    
     25    32    33    29    39    36    41    60    55    
     25    32    32    29    39    36    40    59    55    

B1   54    61    40    102   105   52    73    89    63    
     54    61    40    102   105   52    73    89    63    
     54    61    40    102   105   52    73    89    63    
     54    61    40    102   105   52    72    89    63    

bg   25    32    32    29    39    36    40    59    55    
     25    32    32    29    39    36    40    59    55    
     25    32    32    29    39    36    40    59    55    
     25    32    32    29    39    36    40    59    55    

B2   45    76    58    72    145   82    59    97    76    
     45    76    58    72    144   82    59    97    76    
     45    76    58    72    144   82    59    97    76    
     45    76    58    72    144   82    59    97    76    

bg   25    32    32    29    39    36    40    59    55    
     25    32    32    29    39    36    40    59    55    
     24    32    32    29    39    36    40    59    55    
     24    32    32    29    39    36    40    59    54    

B3   28    50    60    34    75    92    44    77    84    
     28    50    60    34    75    92    44    77    84    
     28    50    60    35    75    92    44    77    84    
     28    51    60    35    75    92    44    77    84    

bg   24    32    32    29    39    36    40    59    54    
     24    32    32    29    39    36    40    59    54    
     24    32    32    29    39    36    40    59    54    
     24    32    32    29    39    36    40    59    54    

C1   28    35    34    61    69    46    119   134   74    
     28    35    34    61    69    46    119   134   74    
     28    35    34    61    69    46    119   134   74    
     28    35    34    61    69    46    119   134   74    

bg   24    32    32    29    39    36    40    59    54    
     24    32    32    29    39    36    40    59    54    
     24    32    32    29    39    36    40    59    54    
     24    32    32    29    39    36    40    59    54    

C2   27    36    35    48    80    61    90    179   124   
     27    36    35    48    80    61    90    179   124   
     27    36    35    48    80    61    90    179   123   
     27    36    35    48    80    61    90    178   123   

bg   24    32    32    29    39    36    40    59    54    
     24    32    32    29    39    36    40    59    54    
     25    32    32    29    39    36    40    59    54    
     25    32    32    29    39    36    40    59    54    

C3   26    34    35    32    55    63    46    110   136   
     26    34    35    32    55    63    46    110   136   
     26    34    35    32    55    63    46    110   136   
     26    34    35    32    55    63    46    110   136   

bg   25    32    32    29    39    36    40    59    55    
     25    32    32    29    39    36    40    59    55    
     25    32    32    29    39    36    40    59    55    
     25    32    32    29    39    36    40    59    55    


Trial #4-------------------------

     A1    A2    A3    B1    B2    B3    C1    C2    C3    

A1   100   103   51    60    69    44    44    62    56    
     99    103   51    59    69    44    44    62    56    
     99    102   51    59    69    44    44    62    56    
     99    102   51    59    69    44    44    62    56    

bg   25    32    32    29    39    36    40    59    55    
     25    32    32    29    39    36    40    59    55    
     25    32    32    29    39    36    40    59    55    
     25    32    32    29    39    36    40    59    55    

A2   71    143   101   48    85    62    43    63    58    
     71    143   100   48    85    62    43    63    58    
     71    143   100   48    85    62    43    63    58    
     71    143   100   48    85    62    43    64    58    

bg   25    32    32    29    39    36    40    59    55    
     25    32    32    29    39    36    40    59    55    
     25    32    32    29    39    36    40    59    55    
     25    32    32    29    39    36    40    59    55    

A3   31    82    115   32    60    63    41    61    58    
     31    82    115   32    60    63    42    61    58    
     31    82    115   32    60    63    41    61    58    
     31    82    114   32    60    63    42    61    58    

bg   25    32    32    29    39    36    40    59    55    
     25    32    32    29    39    36    40    60    55    
     25    32    33    29    39    36    40    60    55    
     25    32    33    29    39    36    41    60    55    

B1   55    61    41    103   106   52    73    90    64    
     55    61    41    102   106   52    73    90    64    
     55    61    41    102   106   52    73    90    64    
     55    61    41    102   105   52    73    90    64    

bg   25    32    33    29    40    37    41    60    55    
     25    32    33    29    40    37    41    60    55    
     25    32    33    29    40    37    41    60    55    
     25    33    33    29    40    37    41    60    55    

B2   45    77    59    72    145   83    60    98    77    
     45    77    59    72    145   83    60    98    77    
     45    77    59    72    145   83    60    98    77    
     45    77    59    72    145   83    60    98    77    

bg   25    33    33    29    40    37    41    61    56    
     25    33    33    29    40    37    41    61    56    
     25    33    33    29    40    37    41    61    56    
     25    33    33    29    40    37    41    61    56    

B3   29    51    61    35    76    94    45    79    85    
     29    51    61    35    76    93    45    79    85    
     29    51    61    35    76    93    45    79    85    
     29    51    61    35    76    93    45    79    85    

bg   25    33    33    29    40    37    41    61    56    
     25    33    33    29    40    37    41    61    56    
     25    33    33    29    40    37    41    61    56    
     25    33    33    30    40    37    41    61    56    

C1   29    37    35    62    70    47    122   137   77    
     29    37    35    62    71    47    122   137   77    
     29    37    35    62    71    47    122   137   77    
     29    37    35    62    71    47    122   137   77    

bg   26    33    34    30    41    38    42    62    57    
     26    33    34    30    41    38    42    62    57    
     26    34    34    30    41    38    42    62    57    
     26    34    34    30    41    38    42    62    57    

C2   28    37    36    49    82    63    92    182   126   
     28    37    36    49    82    63    92    182   126   
     28    37    36    49    82    63    92    182   126   
     28    37    36    49    82    63    92    182   126   

bg   26    33    34    30    41    38    42    62    57    
     26    34    34    30    41    38    42    62    57    
     26    34    34    30    41    38    42    62    57    
     26    34    34    30    41    38    42    62    57    

C3   27    36    37    33    57    64    48    113   139   
     27    36    37    33    57    65    48    113   139   
     27    36    37    33    57    65    48    113   139   
     27    36    37    33    57    65    48    113   139   

bg   26    34    34    30    42    38    43    63    58    
     26    34    34    31    42    38    43    63    58    
     26    34    34    31    42    38    43    63    58    
     26    34    35    31    42    39    43    63    59    


