Trial #1-------------------------

     A1    A2    A3    B1    B2    B3    C1    C2    C3    

A1   83    83    47    55    70    50    43    62    57    
     83    82    47    55    69    50    43    62    57    
     82    82    47    55    69    50    43    62    57    
     82    82    47    55    69    50    43    61    57    

bg   21    30    32    27    43    42    39    58    55    
     21    30    32    27    43    42    39    58    55    
     21    30    32    27    43    42    39    58    55    
     21    30    32    27    43    42    39    58    55    

A2   54    122   97    44    86    70    42    63    58    
     54    122   97    44    86    70    42    63    58    
     54    122   97    44    86    70    42    62    58    
     54    122   97    44    86    70    42    62    58    

bg   21    30    32    27    42    42    39    58    55    
     21    30    32    27    42    42    39    58    55    
     21    29    32    27    42    42    39    58    55    
     21    29    32    27    42    42    39    58    54    

A3   27    80    115   30    65    73    40    61    59    
     27    80    115   30    65    73    40    61    59    
     27    80    115   30    65    73    40    61    59    
     27    80    115   30    65    73    40    61    59    

bg   21    30    32    27    43    42    39    58    55    
     21    30    32    27    43    42    39    58    55    
     21    30    32    27    43    42    39    58    55    
     21    30    32    27    43    42    39    58    55    

B1   50    57    40    101   109   59    72    89    64    
     50    57    40    101   109   59    72    89    64    
     50    57    40    101   109   59    72    89    64    
     50    57    40    101   109   59    72    89    64    

bg   21    30    32    27    43    42    39    58    55    
     21    30    32    27    43    42    39    58    55    
     21    30    32    27    43    42    39    58    55    
     21    30    32    27    43    42    39    58    55    

B2   40    75    62    70    158   113   58    100   84    
     41    75    62    70    158   113   58    100   84    
     41    75    62    70    158   113   58    100   84    
     41    75    62    70    157   113   58    100   84    

bg   21    30    32    27    43    42    39    58    55    
     21    30    32    27    43    42    39    58    55    
     21    30    32    27    43    42    39    58    55    
     21    30    32    27    43    42    39    58    55    

B3   25    53    66    34    99    128   43    84    94    
     25    53    66    34    99    128   43    84    94    
     25    53    66    34    99    128   43    84    94    
     25    53    66    34    99    128   43    84    94    

bg   21    30    32    27    43    42    39    58    55    
     21    30    32    27    43    42    39    58    55    
     21    30    32    27    43    42    39    58    55    
     21    30    32    27    43    42    39    59    55    

C1   24    33    34    60    73    53    119   134   75    
     24    33    34    60    73    53    119   134   75    
     24    33    34    60    73    53    119   134   75    
     24    33    34    60    73    53    118   134   75    

bg   21    30    32    27    43    42    39    58    55    
     21    30    32    27    43    42    39    58    55    
     21    30    32    27    43    42    39    58    55    
     21    30    32    27    43    42    39    58    55    

C2   24    33    35    47    87    74    89    181   126   
     23    33    35    47    87    74    89    180   126   
     24    33    35    47    87    74    89    180   126   
     24    33    35    47    87    74    89    180   126   

bg   21    30    32    27    43    42    39    58    55    
     21    30    32    27    43    42    39    58    55    
     21    30    32    27    43    42    39    58    55    
     21    30    32    27    43    42    39    58    55    

C3   22    32    36    30    64    76    45    111   139   
     23    32    36    30    64    76    45    111   139   
     23    32    36    30    64    76    45    111   138   
     23    32    36    30    64    76    45    111   138   

bg   21    30    32    27    43    42    39    58    55    
     21    30    32    27    42    42    39    58    55    
     21    30    32    27    42    42    39    58    55    
     21    30    32    27    42    42    39    58    55    


Trial #2-------------------------

     A1    A2    A3    B1    B2    B3    C1    C2    C3    

A1   83    83    47    55    69    49    43    61    57    
     83    82    47    55    69    49    43    61    57    
     83    82    47    55    69    49    43    61    57    
     83    82    47    55    69    49    43    61    57    

bg   21    30    32    27    43    42    39    58    55    
     21    30    32    27    42    42    39    58    55    
     21    30    32    27    43    42    39    58    55    
     21    30    32    27    43    42    39    58    55    

A2   54    122   97    44    86    70    42    63    58    
     54    122   97    44    86    70    42    63    58    
     54    121   97    44    86    70    42    63    58    
     54    121   96    44    86    70    42    63    58    

bg   21    30    32    27    42    42    39    58    55    
     21    30    32    27    42    42    39    58    55    
     21    30    32    27    42    42    39    58    55    
     21    30    32    27    42    42    39    58    55    

A3   27    80    115   30    65    73    40    61    59    
     27    80    116   30    65    73    40    61    59    
     27    80    116   30    65    73    40    61    59    
     27    80    116   30    65    73    40    61    59    

bg   21    29    32    27    42    42    39    58    55    
     21    29    32    27    42    42    39    58    55    
     21    30    32    27    42    42    39    58    55    
     21    30    32    27    42    42    39    58    55    

B1   50    57    40    101   109   59    72    89    64    
     50    57    40    101   109   59    72    89    64    
     50    57    40    101   109   59    72    88    64    
     50    57    40    101   109   59    71    88    64    

bg   21    29    32    27    42    42    39    58    55    
     21    29    32    27    42    42    39    58    55    
     21    29    32    27    42    42    39    58    55    
     21    29    32    27    42    42    39    58    55    

B2   41    75    62    70    158   113   58    100   84    
     41    75    62    70    158   113   58    100   84    
     41    75    62    70    158   113   58    100   84    
     41    75    62    70    158   112   58    100   84    

bg   21    29    32    27    42    42    39    58    55    
     21    29    32    27    42    42    39    58    55    
     21    29    32    27    42    42    38    58    55    
     21    29    32    27    42    42    38    58    54    

B3   25    52    65    33    98    127   43    84    94    
     25    52    65    33    98    127   43    84    94    
     25    52    65    33    98    127   43    83    93    
     25    52    65    33    98    127   43    83    93    

bg   21    29    32    27    42    42    38    58    54    
     21    29    32    27    42    42    38    58    54    
     21    29    32    27    42    42    38    58    54    
     21    29    32    27    42    41    38    57    54    

C1   24    32    33    59    72    52    118   133   74    
     24    32    33    59    71    51    117   132   73    
     24    32    33    58    71    51    117   132   73    
     24    32    33    58    71    51    117   132   73    

bg   21    29    31    27    42    41    38    57    53    
     21    29    32    27    42    41    38    57    54    
     21    29    32    27    42    41    38    57    54    
     21    29    32    27    42    41    38    57    54    

C2   23    33    35    46    86    73    88    179   125   
     23    33    35    46    86    73    88    179   125   
     23    33    35    46    86    73    88    179   125   
     23    33    35    46    86    73    88    179   125   

bg   21    29    32    27    42    42    39    58    55    
     21    29    32    27    42    42    39    58    55    
     21    29    32    27    42    42    39    58    55    
     21    29    32    27    42    42    39    58    54    

C3   22    32    36    30    64    76    45    111   139   
     22    32    36    30    64    76    45    111   139   
     22    32    36    30    64    76    45    111   139   
     22    32    36    30    65    77    45    111   139   

bg   21    30    32    27    43    42    39    58    55    
     21    30    32    27    42    42    39    58    55    
     21    30    32    27    42    42    39    58    55    
     21    29    32    27    42    42    39    58    55    


Trial #3-------------------------

     A1    A2    A3    B1    B2    B3    C1    C2    C3    

A1   83    82    47    55    69    49    43    61    56    
     83    82    47    55    69    49    43    61    56    
     82    82    47    55    69    49    43    61    56    
     82    82    47    55    69    49    43    61    56    

bg   21    29    32    27    42    42    39    58    54    
     21    29    32    27    42    42    39    58    55    
     21    29    32    27    42    42    39    58    55    
     21    29    32    27    42    42    39    58    55    

A2   54    122   96    44    86    69    41    62    58    
     54    122   96    44    86    69    41    62    58    
     54    122   96    44    86    69    42    62    58    
     54    122   96    44    86    69    42    63    58    

bg   21    30    32    27    43    42    39    58    55    
     21    29    32    27    42    42    39    58    54    
     21    29    32    27    42    42    39    58    54    
     21    29    32    27    42    42    38    58    54    

A3   27    79    115   30    65    72    40    60    58    
     27    79    115   30    65    72    40    60    58    
     27    79    115   30    65    72    40    60    58    
     27    79    115   30    65    72    40    60    58    

bg   21    29    32    27    42    41    38    57    54    
     21    29    32    27    42    41    38    57    54    
     21    29    32    27    42    41    38    57    54    
     21    29    32    27    42    41    38    57    54    

B1   49    56    39    100   108   59    71    87    63    
     49    56    39    99    107   59    71    87    63    
     49    56    39    99    107   59    70    87    63    
     49    56    39    99    107   59    70    87    63    

bg   21    29    32    27    42    41    38    57    54    
     21    29    32    27    42    41    38    57    54    
     21    29    32    27    42    41    38    57    54    
     21    29    32    27    42    41    38    57    54    

B2   40    74    61    70    157   112   57    99    83    
     40    74    61    70    157   112   57    99    82    
     40    74    61    70    157   112   57    99    82    
     40    74    61    70    157   112   57    99    83    

bg   21    29    32    27    42    41    38    57    54    
     21    29    32    27    42    41    38    57    54    
     21    29    32    27    42    41    38    57    54    
     21    29    32    27    42    41    38    57    54    

B3   25    52    65    33    98    126   43    83    93    
     25    52    65    33    98    126   43    83    93    
     25    52    65    33    98    126   43    83    93    
     25    52    65    33    98    126   43    83    93    

bg   21    29    32    27    42    41    38    57    54    
     21    29    32    27    42    41    38    57    54    
     21    29    32    27    42    41    38    57    54    
     21    29    32    27    42    41    38    57    54    

C1   24    32    34    59    72    52    118   133   74    
     24    33    34    59    72    52    118   133   74    
     24    33    34    59    72    52    118   133   74    
     24    33    34    59    72    52    118   133   74    

bg   21    29    32    27    42    41    38    58    54    
     21    29    32    27    42    41    38    57    54    
     21    29    32    27    42    41    38    57    54    
     21    29    32    27    42    41    38    57    54    

C2   23    33    35    46    86    73    88    179   125   
     23    33    35    46    86    73    88    179   125   
     23    33    35    46    86    73    88    179   125   
     23    33    35    46    86    73    88    178   125   

bg   21    29    32    27    42    41    38    58    54    
     21    29    32    27    42    41    38    58    54    
     21    29    32    27    42    41    38    58    54    
     21    29    32    27    42    41    38    58    54    

C3   22    32    35    30    64    76    44    111   139   
     22    32    35    30    64    76    44    111   139   
     22    32    35    30    64    76    44    111   139   
     22    32    35    30    64    76    44    111   139   

bg   21    29    32    27    42    42    38    58    54    
     21    29    32    27    42    41    38    58    54    
     21    29    32    27    42    41    38    58    54    
     21    29    32    27    42    41    38    58    54    


Trial #4-------------------------

     A1    A2    A3    B1    B2    B3    C1    C2    C3    

A1   83    82    47    55    69    49    42    61    56    
     82    82    46    55    69    49    42    61    56    
     82    82    46    55    69    49    42    61    56    
     82    82    46    55    69    49    42    61    56    

bg   21    29    32    27    42    42    38    58    54    
     21    29    32    27    42    42    38    57    54    
     21    29    32    27    42    41    38    57    54    
     21    29    32    27    42    41    38    57    54    

A2   54    122   96    44    85    69    41    62    57    
     54    122   96    44    85    69    41    62    57    
     54    122   96    44    85    69    41    62    57    
     54    121   96    44    85    69    41    62    57    

bg   21    29    32    27    42    41    38    58    54    
     21    29    32    27    42    41    38    57    54    
     21    29    32    27    42    42    38    57    54    
     21    29    32    27    42    42    38    57    54    

A3   27    79    115   30    65    72    40    60    58    
     27    79    115   30    65    72    40    60    58    
     27    79    114   30    65    72    40    60    58    
     27    79    114   30    65    72    40    60    58    

bg   21    29    32    27    42    41    38    57    54    
     21    29    32    27    42    41    38    57    54    
     21    29    32    27    42    41    38    57    54    
     21    29    32    27    42    41    38    57    54    

B1   49    56    39    100   108   59    71    88    63    
     49    56    39    100   108   59    71    87    63    
     49    56    39    100   108   59    71    87    63    
     49    56    39    100   108   59    71    87    63    

bg   21    29    32    27    42    41    38    57    54    
     21    29    32    27    42    41    38    57    54    
     21    29    32    27    42    41    38    57    54    
     21    29    32    27    42    41    38    57    54    

B2   40    74    61    70    157   112   57    99    83    
     40    74    61    70    157   112   57    99    83    
     40    74    61    70    157   112   57    99    83    
     40    74    61    69    156   112   57    99    83    

bg   21    29    32    27    42    41    38    57    54    
     21    29    32    27    42    41    38    57    54    
     21    29    32    27    42    41    38    57    54    
     21    29    32    27    42    41    38    57    54    

B3   24    52    65    33    98    126   42    83    93    
     24    52    65    33    98    126   42    83    93    
     24    52    65    33    98    126   42    83    93    
     24    52    65    33    98    126   42    83    93    

bg   21    29    32    27    42    41    38    57    54    
     21    29    32    27    42    41    38    57    54    
     21    29    32    27    42    41    38    57    54    
     21    29    32    27    42    41    38    57    54    

C1   24    32    34    59    72    52    118   133   74    
     24    33    34    59    72    52    118   133   74    
     24    33    34    59    72    52    118   133   74    
     24    33    34    59    72    52    118   133   74    

bg   21    29    32    27    42    41    38    57    54    
     21    29    32    27    42    41    38    57    54    
     21    29    32    27    42    41    38    57    54    
     21    29    32    27    42    41    38    57    54    

C2   23    33    34    46    86    73    88    179   125   
     23    33    34    46    86    73    88    178   125   
     23    33    34    46    86    73    88    178   125   
     23    33    34    46    86    73    88    178   125   

bg   21    29    31    27    42    41    38    57    53    
     21    29    31    27    42    41    38    57    53    
     21    29    31    26    42    41    38    57    53    
     21    29    31    26    42    41    38    57    53    

C3   22    31    35    30    64    76    44    110   139   
     22    31    35    30    64    76    44    110   139   
     22    31    35    30    64    76    44    110   138   
     22    31    35    30    64    76    44    110   138   

bg   21    29    31    27    42    41    38    57    53    
     21    29    31    27    42    41    38    57    53    
     21    29    31    27    42    41    38    57    53    
     21    29    31    27    42    41    38    57    54    


