Trial #1-------------------------

     A1    A2    A3    B1    B2    B3    C1    C2    C3    

A1   102   108   58    62    76    59    52    75    70    
     102   108   58    62    76    59    52    75    70    
     101   108   58    62    76    59    52    75    70    
     101   108   58    62    76    59    52    76    71    

bg   29    39    40    33    50    51    48    73    69    
     29    39    40    33    50    51    49    73    69    
     29    40    40    33    50    51    49    73    68    
     29    40    40    33    50    51    49    73    68    

A2   74    149   108   51    91    78    52    78    72    
     74    149   108   51    91    79    52    78    73    
     74    149   108   51    91    79    52    78    73    
     74    149   108   51    91    79    52    78    73    

bg   29    40    41    33    51    52    49    74    71    
     30    40    41    34    51    52    49    75    71    
     30    40    41    34    51    52    49    75    71    
     30    40    41    34    51    52    50    75    71    

A3   37    91    123   37    74    82    52    78    74    
     37    91    123   37    74    82    52    78    74    
     37    91    123   37    74    83    52    78    75    
     37    91    123   37    74    83    52    78    75    

bg   30    41    42    34    52    53    50    76    72    
     30    41    42    34    52    54    50    76    72    
     30    41    42    34    52    54    50    76    72    
     30    41    42    34    52    54    50    76    72    

B1   59    67    49    105   107   67    82    105   80    
     59    67    49    105   107   67    83    105   80    
     59    67    49    106   108   67    83    106   80    
     60    67    49    106   108   67    84    106   80    

bg   31    42    42    35    53    54    52    78    73    
     31    42    43    35    53    54    52    78    73    
     31    42    43    35    53    54    52    78    73    
     31    42    43    35    53    55    51    78    74    

B2   47    80    69    70    142   118   68    116   100   
     47    80    69    70    142   117   68    116   100   
     48    81    69    70    142   117   69    116   100   
     48    81    69    70    142   117   69    116   100   

bg   32    43    43    36    54    55    53    79    74    
     32    43    43    36    54    55    53    79    74    
     32    43    43    36    54    55    53    79    74    
     32    43    43    36    54    55    53    79    74    

B3   34    64    76    40    104   140   56    104   114   
     34    64    77    40    104   140   56    104   114   
     34    64    77    40    104   141   56    104   115   
     34    64    77    40    104   140   56    104   115   

bg   32    43    44    36    55    56    53    80    76    
     32    43    44    36    55    56    54    81    76    
     32    43    44    37    55    56    54    81    76    
     32    43    44    37    55    56    54    81    75    

C1   35    47    46    69    84    66    134   157   96    
     35    47    46    68    84    67    134   156   96    
     35    47    46    68    84    67    133   156   96    
     35    47    47    68    84    67    132   156   97    

bg   32    44    45    37    55    57    54    82    77    
     32    44    45    37    56    58    54    82    78    
     33    44    45    37    56    58    55    82    78    
     33    44    45    37    56    57    55    82    77    

C2   35    48    48    56    97    87    105   202   147   
     35    48    48    56    97    88    105   202   147   
     35    48    48    56    98    88    105   202   147   
     35    48    48    56    98    88    104   202   148   

bg   33    44    46    37    56    58    55    83    78    
     33    44    46    37    56    58    54    83    78    
     33    44    46    37    56    58    54    83    78    
     33    44    46    37    56    58    55    83    78    

C3   34    47    49    40    78    92    61    136   163   
     35    47    49    41    78    92    62    137   162   
     35    48    49    41    79    92    62    137   162   
     35    48    50    41    79    93    63    138   162   

bg   34    45    46    38    58    59    56    85    79    
     34    45    46    38    57    59    56    85    80    
     34    46    47    38    58    59    56    85    80    
     34    46    47    38    58    60    56    85    80    


Trial #2-------------------------

     A1    A2    A3    B1    B2    B3    C1    C2    C3    

A1   107   115   65    68    85    68    60    88    83    
     107   115   65    68    85    68    60    89    83    
     108   115   65    68    85    68    61    89    83    
     109   115   65    69    85    68    61    89    82    

bg   35    47    47    39    59    60    58    87    81    
     35    47    48    40    59    60    58    87    82    
     35    47    48    40    59    61    58    87    82    
     35    47    48    40    59    61    58    87    82    

A2   80    156   116   57    100   89    61    92    87    
     80    156   117   57    100   89    61    92    87    
     80    156   117   57    100   89    61    92    87    
     80    157   117   57    100   89    61    93    87    

bg   35    48    49    40    61    62    59    89    84    
     36    48    49    41    61    62    60    90    84    
     36    48    49    41    61    62    60    90    84    
     36    48    49    41    61    63    60    90    84    

A3   43    99    132   44    84    94    62    93    89    
     43    99    133   44    84    94    61    93    90    
     43    99    134   44    84    94    61    93    90    
     43    100   134   44    84    95    61    93    90    

bg   36    49    51    41    62    64    60    92    87    
     36    49    51    41    62    64    61    92    87    
     36    49    51    42    62    64    61    92    87    
     37    50    51    42    63    64    61    92    87    

B1   65    75    57    113   118   78    94    121   95    
     65    75    57    112   118   78    94    121   95    
     65    75    57    112   118   79    94    121   95    
     65    75    58    112   118   79    93    122   95    

bg   37    50    52    42    64    66    62    94    89    
     37    50    52    42    64    66    62    94    89    
     37    50    52    42    64    66    62    94    89    
     37    50    52    42    64    66    62    94    89    

B2   54    89    78    77    153   128   79    132   115   
     54    89    78    78    153   128   80    132   115   
     54    89    78    78    153   128   80    132   115   
     54    89    78    78    153   128   80    132   115   

bg   38    51    52    43    65    67    64    96    90    
     38    51    53    43    65    67    64    96    91    
     38    52    53    43    65    67    64    96    91    
     38    52    53    43    65    68    64    96    92    

B3   41    73    86    48    116   152   68    122   131   
     41    74    86    48    116   152   68    122   131   
     42    74    86    48    117   151   68    122   131   
     42    74    85    49    117   150   69    123   130   

bg   39    53    54    45    67    69    66    99    93    
     39    53    54    45    67    69    66    99    93    
     40    53    55    45    68    70    66    100   94    
     40    54    55    45    68    70    67    100   95    

C1   43    57    57    76    96    80    144   175   115   
     42    57    57    76    96    80    144   174   115   
     42    57    57    76    96    80    144   174   114   
     42    57    57    76    96    80    144   174   114   

bg   40    54    55    45    68    70    66    100   94    
     40    54    55    45    68    70    67    100   94    
     40    54    55    46    68    70    67    100   94    
     40    54    55    46    68    70    67    101   95    

C2   42    58    58    64    110   101   117   222   166   
     42    58    58    64    110   102   117   222   167   
     42    58    59    64    110   102   117   222   167   
     42    58    59    64    110   102   116   222   167   

bg   40    55    56    46    69    72    67    102   97    
     40    55    56    46    69    71    67    102   97    
     40    55    56    46    69    71    68    102   96    
     40    55    56    46    69    71    68    102   96    

C3   42    57    59    49    91    105   74    155   179   
     42    57    59    49    91    105   74    155   179   
     42    57    59    49    91    105   74    155   180   
     42    57    60    49    91    106   74    155   180   

bg   41    55    57    46    70    72    68    103   98    
     41    55    57    46    70    72    68    103   98    
     41    55    57    46    70    73    68    103   98    
     41    55    57    46    70    72    68    103   98    


Trial #3-------------------------

     A1    A2    A3    B1    B2    B3    C1    C2    C3    

A1   115   125   75    77    97    80    73    106   99    
     116   125   75    77    97    80    73    107   99    
     116   125   74    77    97    80    73    107   99    
     116   125   74    77    97    80    73    107   99    

bg   41    56    57    47    70    73    69    104   98    
     41    56    57    47    70    73    69    104   98    
     41    56    57    47    70    73    69    104   98    
     41    56    57    47    70    73    68    104   99    

A2   86    164   125   64    110   100   71    108   102   
     86    164   124   64    110   100   71    108   102   
     86    164   124   64    110   100   71    108   101   
     86    164   124   64    110   99    72    108   101   

bg   41    56    57    47    71    72    69    104   98    
     41    56    57    47    71    72    69    104   98    
     41    56    57    47    71    73    69    104   98    
     41    56    57    47    71    73    69    104   98    

A3   48    106   141   50    92    104   70    106   102   
     48    106   141   50    92    104   70    106   103   
     48    106   141   50    92    104   70    106   102   
     48    106   140   49    92    103   70    106   102   

bg   41    56    57    47    70    72    69    104   98    
     41    56    57    47    70    72    69    104   98    
     41    56    57    47    71    72    69    104   98    
     41    56    57    47    71    72    69    104   98    

B1   69    81    63    117   125   86    100   132   106   
     69    81    64    116   125   87    100   132   106   
     69    81    64    115   125   87    99    132   106   
     69    81    64    115   125   87    99    132   106   

bg   41    56    57    47    70    73    69    104   98    
     41    56    57    47    70    73    69    104   98    
     41    56    57    47    71    73    69    104   98    
     41    56    57    47    71    73    69    104   98    

B2   59    96    84    83    162   137   88    144   127   
     60    97    86    84    163   139   89    147   129   
     60    97    86    85    164   139   90    147   130   
     59    97    86    84    163   138   89    146   129   

bg   42    57    58    48    72    75    70    106   101   
     42    57    58    47    72    74    69    105   100   
     41    56    58    47    71    74    69    105   100   
     41    56    58    47    71    73    69    105   99    

B3   44    77    89    52    121   155   73    129   136   
     44    77    89    52    121   155   73    129   136   
     44    78    89    52    121   154   73    129   136   
     44    78    89    52    122   154   73    129   136   

bg   41    56    57    47    71    73    69    105   99    
     41    56    58    47    71    73    69    105   99    
     41    56    58    47    71    73    69    105   99    
     41    56    58    47    71    74    69    104   99    

C1   45    60    60    79    100   84    148   180   119   
     45    60    60    79    100   84    148   180   119   
     45    60    60    79    100   84    149   180   119   
     45    60    60    80    100   84    150   181   119   

bg   42    56    57    48    71    73    70    105   99    
     42    56    57    47    71    73    70    105   99    
     42    56    57    47    71    73    69    105   99    
     41    56    57    47    71    73    69    105   99    

C2   44    60    61    66    113   104   119   226   171   
     43    60    60    66    113   104   119   225   171   
     44    60    60    66    113   104   119   225   170   
     44    60    60    66    113   104   119   225   170   

bg   42    56    57    47    71    73    70    105   99    
     42    56    57    47    71    73    70    105   99    
     42    56    57    48    71    73    70    105   99    
     42    56    57    48    71    73    70    105   99    

C3   43    59    61    50    93    108   76    158   184   
     43    59    61    50    93    108   76    158   184   
     43    59    61    50    93    109   76    158   185   
     43    59    62    50    93    109   76    158   185   

bg   42    57    58    48    72    74    70    106   100   
     42    57    58    48    72    74    70    106   100   
     42    57    58    48    72    74    70    106   100   
     42    57    58    48    72    74    71    106   100   


Trial #4-------------------------

     A1    A2    A3    B1    B2    B3    C1    C2    C3    

A1   118   127   76    78    99    82    75    110   102   
     117   126   76    78    99    82    75    110   102   
     116   126   76    78    99    82    74    110   102   
     115   126   76    77    99    82    74    110   102   

bg   42    57    59    48    72    75    70    106   101   
     42    57    59    48    72    75    70    107   101   
     42    57    59    48    72    75    70    107   101   
     42    57    59    48    73    75    71    107   101   

A2   87    166   126   66    113   102   74    111   104   
     87    166   125   66    113   101   74    111   104   
     87    166   125   66    113   101   74    111   104   
     87    166   125   66    113   101   74    111   104   

bg   42    57    59    48    72    75    71    107   101   
     42    57    59    48    73    75    71    107   101   
     42    57    59    48    73    75    71    107   101   
     42    57    59    48    73    75    71    107   102   

A3   49    108   142   51    95    106   72    110   106   
     49    108   142   51    95    106   72    110   105   
     49    108   141   51    95    105   73    110   105   
     49    108   141   52    95    105   73    110   105   

bg   43    58    59    49    73    75    71    107   101   
     43    58    59    49    73    75    71    107   101   
     43    58    59    48    73    75    71    107   101   
     42    57    59    48    73    75    71    107   101   

B1   70    83    66    117   127   89    102   135   110   
     70    83    66    117   127   89    102   135   110   
     70    83    66    117   127   89    102   135   109   
     70    83    65    117   127   89    102   135   109   

bg   43    58    59    48    73    75    71    107   101   
     43    58    59    49    73    75    71    107   101   
     43    58    59    49    73    75    71    107   101   
     43    58    59    49    73    75    71    107   101   

B2   59    96    85    83    162   138   88    145   128   
     59    96    85    83    162   138   88    145   128   
     59    96    85    83    162   138   87    145   128   
     59    96    85    83    161   138   87    145   128   

bg   42    58    59    48    73    75    71    107   102   
     43    58    59    48    73    75    71    107   102   
     43    58    59    48    73    75    71    107   101   
     43    58    59    49    73    75    71    107   101   

B3   46    79    91    53    124   157   75    132   139   
     46    79    91    53    124   157   75    132   139   
     46    79    91    53    123   158   75    132   140   
     45    79    91    53    123   158   75    132   140   

bg   42    58    59    48    73    76    71    108   102   
     43    58    59    48    73    76    71    108   102   
     43    58    59    48    73    76    71    108   102   
     43    58    59    48    73    75    71    108   102   

C1   46    61    61    81    102   85    152   183   121   
     46    61    61    81    102   85    152   183   121   
     46    61    61    81    102   85    152   183   121   
     46    61    61    81    102   85    152   183   122   

bg   43    58    59    49    73    76    71    108   102   
     43    58    59    49    73    76    71    108   102   
     43    58    59    48    73    76    71    108   102   
     43    58    60    48    73    76    71    108   102   

C2   45    62    62    67    115   107   121   229   173   
     45    62    62    67    115   106   121   229   173   
     45    62    62    68    115   106   122   229   173   
     45    62    62    68    115   106   122   229   172   

bg   43    58    59    49    73    76    72    108   102   
     43    58    59    49    73    76    72    108   102   
     43    58    59    49    73    76    72    108   102   
     43    58    59    49    73    76    71    108   102   

C3   44    60    63    52    95    111   77    161   188   
     44    61    63    52    95    111   77    161   188   
     44    61    63    52    95    110   77    161   188   
     44    60    63    52    95    110   78    161   187   

bg   43    58    59    49    74    76    72    108   102   
     43    58    59    49    74    76    72    108   102   
     43    58    59    49    74    75    72    108   102   
     43    58    59    49    74    76    72    108   102   


