Trial #1-------------------------

     A1    A2    A3    B1    B2    B3    C1    C2    C3    

A1   101   105   54    61    74    49    46    65    59    
     100   105   54    61    74    49    46    66    60    
     100   105   54    61    74    49    46    66    60    
     100   105   54    60    74    49    46    66    60    

bg   26    35    35    30    44    41    42    63    58    
     26    35    35    30    44    41    42    63    58    
     26    35    35    30    44    41    42    63    58    
     26    35    35    30    44    41    42    63    58    

A2   72    146   103   50    90    68    45    67    62    
     72    146   103   50    90    68    45    67    62    
     72    146   103   50    90    68    45    67    62    
     72    146   103   50    90    68    45    67    61    

bg   26    35    35    30    44    41    42    63    58    
     26    35    35    30    44    41    42    62    58    
     26    35    35    30    44    41    42    62    58    
     25    35    35    30    44    41    42    62    58    

A3   32    85    118   33    65    69    43    64    61    
     32    85    117   33    65    69    43    64    61    
     32    85    117   33    65    69    42    64    61    
     32    85    116   33    65    68    42    63    60    

bg   25    34    34    29    43    40    41    61    57    
     25    34    34    29    43    40    41    61    57    
     25    34    34    29    43    40    41    61    57    
     25    34    34    29    43    40    41    61    56    

B1   54    63    42    102   109   57    73    91    65    
     54    63    42    102   109   57    73    90    65    
     54    63    42    102   109   56    73    90    65    
     54    63    42    102   109   56    73    90    65    

bg   25    33    34    29    42    39    40    59    55    
     24    33    33    29    42    39    40    59    55    
     24    33    33    28    42    39    40    59    55    
     24    33    33    28    42    39    40    59    55    

B2   44    78    60    71    149   94    58    98    79    
     44    78    61    71    149   94    58    98    79    
     44    78    61    71    149   94    58    98    79    
     44    78    61    71    149   94    58    98    79    

bg   24    33    33    28    42    39    40    59    55    
     24    33    33    28    42    39    40    59    55    
     24    33    33    29    42    39    40    59    55    
     25    33    34    29    42    39    40    60    55    

B3   28    54    63    35    87    102   44    81    88    
     28    54    63    35    87    102   44    81    88    
     28    54    64    35    87    102   45    82    88    
     28    54    64    35    87    102   45    82    89    

bg   25    34    35    29    43    40    41    61    57    
     25    34    35    29    43    40    41    61    57    
     25    34    35    30    43    41    41    62    57    
     25    35    35    30    44    41    41    62    57    

C1   29    38    37    62    74    51    122   138   78    
     29    38    37    62    74    51    122   138   78    
     29    38    37    62    74    51    122   138   78    
     29    38    37    62    74    51    122   138   78    

bg   26    35    35    30    44    41    42    62    58    
     26    35    35    30    44    41    42    62    58    
     26    35    35    30    44    41    42    62    58    
     26    35    35    30    44    41    42    62    58    

C2   28    39    38    49    86    69    91    182   127   
     28    39    38    49    86    69    91    182   127   
     28    39    38    49    86    69    91    182   127   
     28    39    38    49    86    69    92    182   127   

bg   26    35    35    30    44    41    42    62    58    
     26    35    35    30    44    41    42    62    58    
     26    35    35    30    44    41    42    62    58    
     26    35    35    30    44    41    42    63    58    

C3   27    38    39    33    63    71    48    115   141   
     27    38    39    33    63    70    48    114   141   
     27    37    38    33    63    70    48    114   140   
     27    37    38    33    62    70    48    113   139   

bg   25    34    35    30    43    40    41    61    57    
     25    34    34    29    43    40    41    61    57    
     25    34    34    29    43    40    41    61    57    
     25    34    34    29    43    40    41    61    56    


Trial #2-------------------------

     A1    A2    A3    B1    B2    B3    C1    C2    C3    

A1   100   105   53    60    73    48    45    64    58    
     99    104   53    60    73    48    44    64    58    
     99    104   53    59    73    48    44    63    58    
     99    104   52    59    72    48    44    63    58    

bg   24    33    34    29    42    39    40    60    55    
     24    33    33    29    42    39    40    59    55    
     24    33    33    29    42    39    40    59    55    
     24    33    33    29    42    39    40    59    55    

A2   70    144   101   48    88    66    43    63    58    
     70    144   101   48    88    66    43    63    58    
     70    144   101   48    88    66    42    63    58    
     70    144   101   48    88    66    42    63    58    

bg   24    33    33    28    41    39    39    59    55    
     24    33    33    28    41    39    39    59    55    
     24    33    33    28    42    39    39    59    55    
     24    33    33    28    42    39    40    59    55    

A3   31    84    116   32    64    68    41    62    59    
     31    84    116   32    64    68    41    62    59    
     31    84    116   32    64    67    41    62    59    
     31    84    116   32    64    67    41    62    59    

bg   24    33    33    28    42    39    39    59    55    
     24    33    33    28    41    39    39    59    55    
     24    33    33    28    41    39    39    59    55    
     24    33    33    28    41    39    39    59    55    

B1   54    62    41    102   108   55    72    89    63    
     54    62    41    102   108   55    72    89    63    
     54    62    41    102   108   55    72    89    64    
     54    62    41    102   108   56    72    89    64    

bg   24    33    33    28    42    39    40    59    55    
     24    33    33    28    42    39    40    59    55    
     24    33    33    28    42    39    40    59    55    
     24    33    33    28    42    39    39    59    55    

B2   44    78    61    71    149   94    58    98    79    
     45    78    61    71    149   94    58    98    79    
     45    78    61    72    149   94    59    98    80    
     45    78    61    72    149   94    59    98    80    

bg   25    33    34    29    42    39    40    60    55    
     25    33    34    29    42    39    40    60    55    
     24    33    33    29    42    39    40    59    55    
     24    33    33    28    42    39    40    59    55    

B3   28    53    62    34    86    101   43    80    87    
     28    53    62    34    86    101   43    80    87    
     28    53    62    34    86    101   43    79    87    
     27    53    62    34    85    101   43    79    86    

bg   24    33    33    28    41    38    39    58    54    
     24    33    33    28    41    38    39    58    54    
     24    33    33    28    41    38    39    58    54    
     24    33    33    28    41    38    39    58    54    

C1   27    36    35    60    71    48    119   134   74    
     27    36    35    60    71    49    119   134   74    
     27    36    35    60    71    49    119   134   74    
     27    36    35    60    71    49    118   134   74    

bg   24    33    33    28    41    39    39    59    54    
     24    33    33    28    41    39    39    59    54    
     24    33    33    28    41    39    39    59    54    
     24    33    33    28    41    39    39    59    54    

C2   26    36    35    47    83    66    89    178   123   
     26    36    35    47    83    66    89    178   123   
     26    36    35    47    83    66    89    178   123   
     26    36    35    47    83    66    89    177   123   

bg   24    32    32    27    40    38    38    57    53    
     23    32    32    27    40    38    38    57    53    
     23    32    32    27    40    38    38    57    53    
     23    32    32    27    40    38    38    57    53    

C3   25    34    35    30    58    66    44    108   134   
     24    34    35    30    58    66    44    107   133   
     24    34    35    30    58    65    43    107   133   
     24    34    35    30    58    65    43    107   133   

bg   23    31    31    27    39    37    37    56    51    
     23    31    31    27    39    37    37    56    51    
     23    31    31    27    39    37    37    56    52    
     23    31    32    27    39    37    37    56    52    


Trial #3-------------------------

     A1    A2    A3    B1    B2    B3    C1    C2    C3    

A1   98    102   50    58    70    45    42    60    54    
     98    102   50    58    70    45    42    59    54    
     97    102   50    57    70    45    42    59    54    
     97    102   50    57    70    45    41    59    54    

bg   23    31    31    27    40    37    38    56    52    
     23    31    32    27    40    37    38    56    52    
     23    31    32    27    40    37    38    56    52    
     23    32    32    27    40    37    38    57    52    

A2   69    143   100   47    87    64    41    61    56    
     69    143   100   47    86    64    41    61    56    
     69    143   100   47    86    64    41    61    56    
     69    143   100   47    86    64    41    60    55    

bg   23    31    31    27    39    36    37    56    51    
     23    31    31    27    39    36    37    55    51    
     23    31    31    27    39    36    37    55    51    
     23    31    31    27    39    36    37    55    51    

A3   29    81    114   30    61    65    38    57    55    
     29    81    114   30    61    65    38    57    55    
     29    81    114   30    61    65    38    57    55    
     29    81    114   30    61    65    38    57    55    

bg   23    31    31    26    39    36    37    55    51    
     23    31    31    26    39    36    37    55    51    
     23    31    31    26    39    36    37    55    51    
     23    31    31    26    39    36    37    55    51    

B1   52    60    39    100   105   53    69    85    60    
     53    60    39    100   105   53    70    85    60    
     53    60    39    100   105   53    70    85    60    
     53    60    39    100   105   53    70    85    60    

bg   23    31    31    27    39    37    37    56    51    
     23    31    31    27    39    37    37    56    52    
     23    31    31    27    39    37    37    56    52    
     23    31    31    27    39    37    37    56    52    

B2   43    76    59    70    147   92    57    95    76    
     43    76    59    70    147   92    57    95    76    
     44    76    59    70    147   92    57    95    76    
     44    76    59    70    147   92    57    95    76    

bg   23    32    32    27    40    37    38    57    52    
     23    32    32    27    40    37    38    57    53    
     23    32    32    27    40    38    38    57    53    
     24    32    32    27    40    38    38    57    53    

B3   27    53    62    34    85    101   43    79    86    
     28    53    62    34    85    101   43    79    86    
     28    53    62    34    86    101   43    80    86    
     28    53    63    35    86    101   43    80    87    

bg   25    33    34    29    42    39    40    60    55    
     25    34    34    29    42    39    40    60    56    
     25    34    34    29    43    40    41    61    56    
     25    34    34    29    43    40    41    61    56    

C1   29    38    37    62    74    51    121   138   78    
     29    39    37    62    74    51    121   138   78    
     29    39    37    62    74    52    121   138   79    
     29    39    38    63    75    52    122   139   79    

bg   27    36    36    31    46    42    43    65    60    
     27    36    37    31    46    43    43    65    60    
     27    36    37    31    46    43    44    65    61    
     27    37    37    32    46    43    44    66    61    

C2   30    41    40    51    89    72    94    187   131   
     30    41    40    51    89    72    94    187   131   
     30    41    40    51    89    72    94    186   131   
     30    41    40    51    89    72    94    186   131   

bg   27    37    37    32    47    44    44    66    61    
     27    37    37    32    46    43    44    66    61    
     27    37    37    31    46    43    44    66    61    
     27    36    37    31    46    43    44    65    61    

C3   28    38    39    34    64    71    49    116   141   
     28    38    39    34    64    71    49    116   141   
     28    38    39    34    64    71    49    115   141   
     28    38    39    34    64    71    49    115   141   

bg   26    36    36    31    45    42    43    64    59    
     26    36    36    31    45    42    43    64    59    
     26    36    36    31    45    42    43    64    59    
     26    36    36    31    45    42    43    64    59    


Trial #4-------------------------

     A1    A2    A3    B1    B2    B3    C1    C2    C3    

A1   101   106   54    61    75    50    47    67    61    
     100   106   54    61    75    50    47    67    61    
     100   105   54    61    75    50    47    67    61    
     100   105   54    61    75    50    47    67    61    

bg   26    36    36    31    45    42    43    64    59    
     26    36    36    31    45    42    43    64    59    
     26    36    36    31    45    42    43    64    59    
     26    36    36    31    45    42    43    64    59    

A2   73    148   105   51    92    69    46    69    63    
     73    148   105   51    92    69    46    69    63    
     73    148   105   51    92    69    46    69    63    
     73    148   104   51    92    69    46    69    63    

bg   27    36    36    31    45    42    43    64    60    
     27    36    36    31    45    42    43    64    60    
     27    36    36    31    45    42    43    64    60    
     27    36    36    31    45    42    43    64    60    

A3   33    87    119   34    67    71    45    67    64    
     33    87    119   34    68    71    45    67    64    
     33    87    119   34    68    71    45    67    64    
     33    86    119   34    67    71    45    67    64    

bg   27    36    36    31    45    42    43    64    60    
     27    36    36    31    45    42    43    64    60    
     27    36    36    31    45    42    43    64    60    
     26    36    36    31    45    42    43    64    60    

B1   56    65    44    105   112   59    76    94    68    
     56    65    44    104   112   59    76    95    69    
     56    65    44    104   112   59    76    95    69    
     56    65    44    104   112   59    76    95    69    

bg   27    37    37    31    46    43    44    65    61    
     27    37    37    32    46    43    44    66    61    
     27    37    37    31    46    43    44    66    61    
     27    36    37    31    46    43    44    65    60    

B2   47    81    63    74    153   97    62    103   84    
     47    81    63    74    152   97    62    103   84    
     47    81    63    74    152   97    62    103   84    
     47    81    63    74    152   97    62    103   84    

bg   26    36    36    31    45    42    43    64    60    
     26    36    36    31    45    42    43    64    60    
     26    36    36    31    45    42    43    64    60    
     26    36    36    31    45    42    43    64    60    

B3   30    57    66    37    90    105   47    86    92    
     30    57    66    37    90    105   48    86    92    
     30    57    66    38    90    105   48    86    92    
     30    57    66    38    90    105   48    86    93    

bg   27    37    37    32    46    43    44    66    61    
     27    37    37    32    47    43    44    66    61    
     27    37    37    32    47    44    44    66    61    
     27    37    37    32    47    44    44    66    62    

C1   31    41    40    65    78    55    125   143   83    
     31    41    40    65    78    55    125   144   83    
     31    41    40    65    78    55    125   144   83    
     31    42    40    65    78    55    126   144   83    

bg   28    38    38    33    48    45    46    69    63    
     28    38    39    33    49    45    46    69    64    
     28    39    39    33    49    45    46    69    64    
     28    39    39    33    49    46    46    70    64    

C2   31    43    42    53    92    74    97    191   135   
     31    43    42    53    92    75    97    191   136   
     31    43    43    53    92    75    97    191   136   
     31    43    43    53    92    75    97    191   136   

bg   29    40    40    34    50    47    48    71    66    
     29    40    40    34    50    47    48    71    66    
     29    40    40    34    50    47    48    71    66    
     29    40    40    34    50    47    48    71    66    

C3   31    42    43    37    69    75    53    122   147   
     30    42    43    37    68    75    53    122   147   
     30    42    43    37    68    75    53    122   147   
     30    42    43    37    68    75    53    121   147   

bg   29    39    39    33    49    46    46    69    64    
     28    39    39    33    49    45    46    69    64    
     28    38    39    33    48    45    46    69    64    
     28    38    38    33    48    45    46    68    63    


