     A1    A2    A3    B1    B2    B3    C1    C2    C3    

A1   398   526   339   388   544   341   367   494   360   
     399   526   339   389   544   341   367   494   360   
     399   526   338   389   544   341   367   494   360   
     398   526   339   388   544   341   367   494   360   

bg   337   473   326   366   523   335   364   491   358   
     337   473   327   365   523   335   363   491   359   
     337   473   327   365   523   335   363   491   359   
     337   473   327   365   523   335   363   491   359   

A2   380   581   389   383   564   358   367   496   362   
     380   581   389   383   564   357   367   496   362   
     380   581   389   384   564   357   367   496   362   
     380   581   390   383   564   358   367   496   363   

bg   337   473   327   366   523   336   364   492   359   
     337   474   327   366   523   336   364   492   359   
     337   474   328   365   523   336   364   492   360   
     337   474   327   366   523   336   364   492   360   

A3   344   522   397   369   543   357   365   494   363   
     344   522   396   369   543   356   365   495   363   
     345   522   396   370   543   356   366   495   363   
     344   522   396   370   543   356   366   495   363   

bg   338   474   327   366   524   336   364   492   360   
     338   474   328   366   524   336   364   493   360   
     338   474   328   366   524   337   364   492   360   
     337   474   328   366   524   337   364   492   360   

B1   368   501   335   440   588   353   399   522   369   
     368   501   335   440   588   352   399   522   368   
     369   501   334   440   589   352   399   523   368   
     369   501   335   440   589   352   399   522   368   

bg   338   474   328   366   524   337   364   493   360   
     338   474   328   366   524   337   364   493   360   
     338   474   328   366   524   337   364   493   360   
     338   475   328   367   524   337   364   493   360   

B2   356   513   349   406   629   392   385   534   386   
     356   513   349   406   629   392   385   534   386   
     356   513   349   406   629   392   385   534   386   
     356   513   349   406   629   392   385   534   386   

bg   338   475   328   366   524   337   364   493   361   
     338   475   328   367   524   337   365   493   360   
     338   475   328   367   524   337   365   493   360   
     338   475   328   366   525   337   365   493   361   

B3   340   487   342   371   564   390   368   514   392   
     340   486   342   371   564   390   368   515   392   
     341   487   342   371   564   389   369   515   391   
     341   487   342   371   564   389   369   515   392   

bg   338   475   328   367   525   337   365   493   361   
     338   475   328   367   525   337   364   493   361   
     338   475   329   367   525   337   365   493   361   
     338   475   328   367   525   337   365   493   361   

C1   342   479   330   400   557   348   444   563   382   
     342   479   330   400   557   348   444   563   382   
     342   479   330   399   557   348   443   563   382   
     342   479   330   400   557   348   444   564   382   

bg   338   476   329   367   525   338   365   494   361   
     339   475   329   367   525   337   365   494   361   
     339   476   329   367   525   337   365   494   361   
     339   475   329   367   525   338   365   494   361   

C2   342   480   331   389   574   369   418   604   428   
     341   480   331   389   574   369   417   604   428   
     341   480   332   388   574   369   417   603   428   
     342   480   331   389   574   369   417   603   428   

bg   339   476   329   367   525   338   365   494   361   
     339   476   329   367   525   337   365   494   361   
     339   476   329   367   525   337   365   494   361   
     339   476   329   367   525   338   365   494   361   

C3   340   478   331   371   547   367   373   543   433   
     340   478   331   370   547   368   373   542   433   
     340   478   331   370   547   368   373   543   433   
     340   478   331   371   547   367   373   543   433   

bg   339   476   329   367   526   338   365   494   361   
     339   476   329   368   526   338   365   494   361   
     339   476   329   367   526   338   365   494   361   
     339   476   329   367   526   338   365   494   361   
