     A1    A2    A3    B1    B2    B3    C1    C2    C3    

A1   399   529   344   391   550   347   370   499   367   
     398   529   344   391   550   347   370   499   367   
     398   528   344   391   549   347   370   499   367   
     398   529   344   391   549   348   370   499   367   

bg   341   479   332   370   529   342   367   497   366   
     341   479   332   370   529   342   367   497   366   
     341   479   332   370   529   342   367   497   366   
     341   479   332   370   529   342   367   497   366   

A2   384   587   395   388   570   364   370   501   369   
     384   587   395   388   571   364   370   501   369   
     384   587   395   388   571   364   370   501   369   
     384   587   395   387   570   364   370   501   369   

bg   341   479   332   370   529   342   367   497   366   
     341   479   332   370   529   342   367   497   366   
     341   479   332   370   529   342   367   497   366   
     341   479   332   370   529   342   367   497   366   

A3   348   528   401   373   549   362   369   499   369   
     348   528   401   373   549   362   369   499   369   
     348   528   401   373   549   362   369   499   369   
     348   528   401   373   549   362   369   499   369   

bg   341   479   332   370   529   342   367   497   366   
     341   479   332   370   529   342   367   497   366   
     342   479   332   370   529   342   367   497   366   
     341   479   332   370   529   342   367   497   366   

B1   372   506   339   444   594   358   402   527   374   
     372   506   339   444   594   358   402   527   374   
     372   506   339   444   594   358   402   527   374   
     372   506   339   444   594   358   402   527   374   

bg   341   479   332   370   530   342   367   497   366   
     341   480   332   370   530   342   367   497   366   
     341   480   332   370   530   342   367   497   366   
     342   480   332   370   530   342   367   497   366   

B2   359   518   353   410   635   398   388   539   392   
     359   518   353   410   635   398   388   539   392   
     359   518   353   410   634   397   388   539   392   
     359   518   353   410   634   397   388   538   392   

bg   342   480   332   370   530   342   367   497   366   
     342   480   332   370   530   342   367   497   366   
     342   480   332   370   530   342   368   497   366   
     342   480   332   370   530   342   367   497   366   

B3   344   491   346   374   570   395   371   519   397   
     344   491   346   375   570   395   372   519   397   
     344   491   346   375   570   395   371   519   397   
     344   492   347   375   570   395   371   519   397   

bg   342   480   332   370   530   343   368   497   366   
     342   480   333   370   530   343   368   497   366   
     342   480   333   370   530   343   368   497   366   
     342   480   332   370   530   343   368   497   366   

C1   345   483   334   403   562   353   447   568   388   
     345   483   334   403   562   353   447   568   388   
     345   483   334   403   562   353   447   568   388   
     346   483   334   403   562   354   447   568   388   

bg   342   480   333   370   530   342   367   497   366   
     342   480   333   370   530   343   367   497   366   
     342   480   332   370   530   342   367   497   366   
     342   480   333   370   530   343   368   497   366   

C2   345   484   335   392   579   374   420   607   434   
     344   484   335   392   579   374   420   607   433   
     345   484   335   392   578   374   420   607   433   
     344   484   335   392   578   374   420   606   433   

bg   342   480   333   370   530   343   368   497   366   
     342   480   333   370   530   343   367   497   366   
     342   480   333   370   530   343   368   497   366   
     342   480   333   370   530   343   368   497   366   

C3   343   482   335   374   552   372   375   546   438   
     343   482   335   374   552   372   375   546   438   
     343   482   335   374   552   372   375   546   438   
     343   482   335   373   552   372   375   546   438   

bg   342   480   333   370   530   343   368   497   366   
     342   480   333   370   530   343   368   497   366   
     342   480   333   370   530   343   368   497   366   
     342   480   333   370   530   343   367   497   366   
