     A1    A2    A3    B1    B2    B3    C1    C2    C3    

A1   411   540   346   397   554   349   372   500   368   
     411   540   346   396   554   349   372   500   368   
     411   540   346   397   554   349   372   500   368   
     411   539   346   396   554   349   371   500   368   

bg   342   480   332   371   530   343   368   497   366   
     342   480   332   371   530   343   368   497   366   
     342   480   333   371   530   343   368   497   366   
     342   480   332   371   530   343   368   497   367   

A2   385   588   395   388   572   365   371   502   369   
     385   588   395   389   571   365   371   502   369   
     385   588   395   388   572   365   371   502   369   
     385   588   395   389   572   365   371   502   369   

bg   342   480   333   371   530   343   368   497   366   
     342   480   333   371   530   343   368   497   366   
     342   480   333   371   530   343   368   497   366   
     342   480   333   371   531   343   368   497   366   

A3   349   529   401   374   550   363   369   500   370   
     349   529   401   374   550   363   369   500   370   
     349   529   401   374   550   363   369   500   370   
     349   529   401   375   550   363   369   500   370   

bg   342   480   333   371   530   343   368   498   367   
     342   480   333   371   531   343   368   498   367   
     342   480   333   371   531   343   368   498   367   
     342   480   333   371   531   343   368   498   367   

B1   373   507   339   445   595   359   403   527   375   
     373   507   339   445   595   359   403   527   375   
     373   507   339   445   595   359   403   527   375   
     373   508   340   444   595   359   403   527   375   

bg   342   480   333   371   531   343   368   498   367   
     342   480   332   371   531   343   368   498   367   
     342   480   333   371   530   343   368   497   367   
     342   480   333   371   530   343   368   497   367   

B2   360   518   353   411   635   398   388   539   392   
     360   518   353   410   635   398   388   539   393   
     360   518   353   410   635   398   388   539   392   
     360   518   353   410   634   398   388   539   392   

bg   342   480   333   371   531   343   368   498   366   
     342   480   333   371   531   343   368   498   366   
     342   480   333   371   531   343   368   498   366   
     342   480   333   371   531   343   368   497   367   

B3   344   492   346   375   570   395   372   519   398   
     344   492   347   375   570   395   372   519   398   
     345   492   347   375   570   395   372   519   398   
     344   492   347   375   570   395   372   519   398   

bg   342   480   333   371   531   343   368   498   367   
     342   480   333   371   531   343   368   498   367   
     342   480   333   371   531   343   368   498   367   
     342   480   333   371   531   343   368   498   367   

C1   346   484   334   404   563   354   448   568   388   
     346   484   334   404   563   354   448   568   388   
     346   484   334   404   563   354   448   568   388   
     346   484   334   404   563   354   447   568   388   

bg   342   480   333   371   531   343   368   498   367   
     342   480   333   371   531   343   368   498   367   
     342   480   333   371   531   343   368   498   367   
     342   480   333   371   531   343   368   498   366   

C2   345   484   335   392   579   375   420   608   434   
     345   485   335   392   579   375   420   607   434   
     345   485   335   392   579   374   420   607   433   
     345   485   335   392   579   374   420   607   433   

bg   342   480   333   371   531   343   368   497   367   
     342   480   333   371   531   343   368   498   366   
     342   480   333   371   531   343   368   498   366   
     342   481   333   371   531   343   368   497   366   

C3   343   483   335   374   552   373   376   546   438   
     344   482   335   374   553   373   376   547   438   
     344   483   335   374   552   373   376   546   438   
     343   482   335   374   553   373   376   546   438   

bg   342   481   333   371   531   343   368   498   367   
     342   480   333   371   531   343   368   498   367   
     342   480   333   371   531   343   368   498   367   
     342   480   333   371   531   343   368   498   367   
