     A1    A2    A3    B1    B2    B3    C1    C2    C3    

A1   410   538   346   395   553   348   371   500   368   
     409   538   346   395   553   349   371   500   368   
     409   538   345   395   553   348   371   500   368   
     409   538   345   395   553   348   371   500   368   

bg   342   480   332   370   530   342   367   497   366   
     342   480   333   370   530   342   367   497   366   
     342   480   332   370   530   342   367   497   366   
     342   480   332   370   530   342   367   497   366   

A2   384   588   395   388   571   364   371   502   369   
     384   588   395   388   571   365   371   501   369   
     384   588   395   388   571   365   371   501   369   
     384   588   395   388   571   365   371   501   369   

bg   342   480   332   370   530   342   368   497   366   
     342   480   332   370   530   343   368   497   366   
     342   480   332   370   530   342   367   497   366   
     342   480   332   370   530   342   368   497   366   

A3   348   528   401   374   549   363   369   500   370   
     348   528   401   374   549   363   369   500   370   
     348   528   401   374   549   363   369   500   370   
     349   528   401   374   549   363   369   500   370   

bg   342   480   332   370   530   342   368   497   366   
     342   480   332   370   530   342   368   497   366   
     342   480   332   370   530   342   368   497   366   
     342   480   332   370   530   342   367   497   366   

B1   372   507   339   444   594   358   402   527   374   
     372   507   339   444   594   358   402   527   374   
     372   507   339   444   594   358   402   527   374   
     372   507   339   444   594   358   402   527   374   

bg   342   479   332   370   530   342   367   497   366   
     342   479   332   370   530   342   367   497   366   
     342   479   332   370   530   342   367   497   366   
     342   480   332   370   530   342   368   497   366   

B2   359   517   353   410   634   397   388   538   392   
     359   517   353   410   634   397   388   538   392   
     359   517   353   410   634   397   388   538   392   
     359   518   353   409   634   397   388   538   392   

bg   342   479   332   370   529   342   367   497   366   
     342   479   332   370   530   342   367   497   366   
     341   479   332   370   530   342   367   497   366   
     342   480   332   370   529   342   368   497   366   

B3   344   491   346   375   569   395   371   519   397   
     344   491   346   374   569   395   371   519   397   
     344   491   346   374   569   395   371   519   397   
     344   491   346   374   569   395   371   519   397   

bg   341   479   332   370   530   343   367   497   366   
     341   479   332   370   530   342   367   497   366   
     342   479   332   370   530   342   368   497   366   
     342   479   332   370   530   342   367   497   366   

C1   345   483   334   403   562   353   447   567   388   
     345   483   334   403   562   353   447   568   388   
     345   483   334   403   562   354   447   567   388   
     345   483   334   403   562   353   447   567   388   

bg   342   480   332   370   530   343   367   497   367   
     342   480   332   370   530   343   368   497   366   
     342   480   332   370   530   343   368   497   366   
     342   480   332   370   530   343   367   497   366   

C2   344   484   335   392   578   374   420   607   434   
     345   484   335   392   578   374   420   607   433   
     344   484   335   392   578   374   420   606   433   
     344   484   335   392   578   374   420   606   433   

bg   342   480   332   370   530   343   368   497   367   
     342   480   332   371   530   343   368   497   366   
     342   480   332   370   530   343   368   497   366   
     342   480   332   370   530   343   368   497   367   

C3   343   482   335   374   552   372   375   546   438   
     343   482   335   374   552   372   376   546   438   
     343   482   335   374   552   372   376   546   438   
     343   482   335   374   552   372   376   546   438   

bg   342   480   332   371   530   343   368   497   367   
     342   480   332   370   530   343   368   497   367   
     342   480   332   371   530   343   368   497   366   
     342   480   332   370   530   343   368   497   366   
