Trial #17-------------------------

     A1    A2    A3    B1    B2    B3    C1    C2    C3    

A1   282   283   121   155   179   105   99    137   123   
     281   282   121   154   179   105   99    137   123   
     279   280   121   154   178   105   99    137   123   
     278   279   120   153   178   105   99    137   123   

bg   53    68    72    62    88    81    87    128   118   
     53    68    66    62    89    81    87    129   118   
     53    68    66    62    89    81    88    128   118   
     53    68    66    62    88    81    87    128   118   

A2   193   404   265   121   222   151   94    140   127   
     193   403   264   121   221   151   96    140   127   
     193   402   264   120   221   151   96    140   126   
     192   402   264   120   220   151   95    139   126   

bg   52    67    65    61    88    97    87    127   117   
     52    67    65    61    88    80    86    127   117   
     52    67    65    61    88    80    86    127   117   
     52    67    65    61    88    80    86    127   117   

A3   72    210   304   70    143   129   90    133   126   
     72    212   304   71    143   150   90    133   127   
     72    212   303   71    142   150   90    133   127   
     72    211   302   71    142   150   90    133   127   

bg   52    70    65    62    87    96    86    127   117   
     52    67    65    61    87    80    86    127   116   
     52    67    65    61    87    80    86    126   116   
     52    67    65    61    87    80    86    127   116   

B1   114   155   89    287   289   128   186   218   143   
     144   155   89    287   289   130   186   218   143   
     144   155   89    286   288   130   186   218   143   
     144   155   89    286   288   130   186   218   143   

bg   70    67    65    63    87    80    86    127   116   
     52    67    65    61    87    80    86    127   116   
     52    67    65    61    87    80    86    127   116   
     52    67    65    61    87    80    86    127   116   

B2   109   193   123   188   408   240   144   247   195   
     114   193   134   192   407   240   144   247   195   
     114   193   134   192   406   240   145   248   196   
     114   193   134   192   406   240   145   248   196   

bg   53    68    66    68    88    81    87    128   118   
     52    67    65    61    88    81    87    128   117   
     52    67    65    61    87    80    86    127   116   
     52    67    65    61    87    80    86    127   116   

B3   63    114   133   78    214   262   95    196   223   
     63    114   133   79    213   262   98    195   222   
     63    114   133   79    213   261   98    195   222   
     63    114   133   79    213   261   98    195   222   

bg   52    67    65    63    87    80    88    127   116   
     52    67    65    61    87    80    86    127   116   
     52    67    65    61    87    80    86    127   116   
     52    67    65    61    87    80    86    127   116   

C1   62    77    70    148   178   111   321   357   177   
     62    77    71    160   178   111   330   357   177   
     63    77    70    160   178   111   330   356   177   
     63    77    71    159   178   111   330   356   177   

bg   52    67    65    74    88    81    87    127   117   
     52    67    66    62    88    81    87    127   117   
     53    68    66    62    88    81    87    128   118   
     53    68    66    62    89    81    88    129   118   

C2   60    79    73    111   221   173   241   500   335   
     60    79    73    121   221   173   241   500   334   
     60    79    73    121   221   173   240   498   334   
     60    79    73    121   221   173   240   498   334   

bg   54    67    67    72    88    80    86    127   117   
     52    67    65    61    87    80    86    127   116   
     52    67    65    61    87    80    86    127   116   
     52    67    65    61    87    80    86    127   116   

C3   56    74    74    69    151   180   105   288   375   
     56    74    75    71    151   180   105   288   374   
     56    74    75    71    151   180   105   288   374   
     57    74    75    71    151   180   105   288   373   

bg   52    67    65    64    88    106   86    127   117   
     52    67    65    61    88    80    86    127   117   
     52    67    65    61    88    80    86    127   117   
     52    67    65    61    88    80    86    127   117   


Trial #18-------------------------

     A1    A2    A3    B1    B2    B3    C1    C2    C3    

A1   283   283   121   134   179   101   99    137   123   
     282   282   121   155   179   105   99    137   123   
     280   281   121   154   178   105   99    137   123   
     279   279   120   153   178   105   99    137   123   

bg   52    67    65    83    88    82    89    127   117   
     52    67    65    61    88    80    86    127   117   
     52    67    65    61    88    80    86    127   116   
     52    67    65    61    87    80    86    127   116   

A2   192   393   263   120   220   149   95    139   126   
     192   400   263   120   220   150   95    139   126   
     192   400   263   120   220   150   96    140   126   
     192   400   263   120   220   150   96    140   126   

bg   53    76    66    62    88    81    87    128   117   
     53    67    66    62    88    81    87    128   117   
     52    67    65    61    88    81    87    127   117   
     52    67    65    61    88    81    87    127   117   

A3   72    186   228   71    142   149   90    133   127   
     72    212   304   71    142   150   90    133   127   
     72    212   303   71    142   150   90    133   127   
     72    211   302   71    143   150   90    133   127   

bg   61    93    105   61    87    80    86    127   117   
     52    67    65    61    87    80    86    127   116   
     52    67    65    61    87    80    86    127   116   
     52    67    65    61    88    80    86    127   117   

B1   124   149   89    288   232   131   187   219   143   
     144   155   89    288   290   131   186   219   143   
     144   155   89    287   289   131   186   218   143   
     144   155   89    287   289   131   186   218   143   

bg   61    74    65    61    142   80    86    127   117   
     52    67    65    61    88    80    86    127   117   
     52    67    65    61    88    80    86    127   117   
     52    67    65    61    88    80    86    127   117   

B2   114   182   133   192   325   240   144   247   195   
     114   193   133   192   407   240   144   247   195   
     114   193   133   192   406   239   144   247   194   
     114   192   133   191   405   239   144   246   194   

bg   52    78    65    61    164   80    102   127   116   
     52    67    65    61    87    80    86    127   116   
     52    67    65    61    87    80    86    127   116   
     52    67    65    61    87    80    86    127   116   

B3   62    108   133   79    181   261   96    195   222   
     63    114   133   79    213   261   98    195   222   
     63    114   133   79    213   261   98    195   222   
     63    114   132   79    212   260   98    195   221   

bg   52    73    65    61    117   80    87    127   116   
     52    67    65    61    87    80    86    127   116   
     52    67    65    61    87    80    86    127   116   
     52    67    65    61    87    80    86    127   116   

C1   63    76    70    160   159   111   332   358   177   
     63    77    70    160   178   111   331   357   177   
     63    77    70    160   179   111   330   357   177   
     63    77    70    160   178   111   330   356   177   

bg   52    68    65    61    105   87    86    127   116   
     52    67    65    61    87    80    86    126   116   
     52    67    65    61    87    80    86    126   116   
     52    67    65    61    87    80    86    127   116   

C2   58    77    73    121   195   157   241   501   335   
     60    78    73    121   221   173   241   500   335   
     60    78    73    121   221   173   241   500   334   
     59    78    73    121   221   173   240   499   334   

bg   53    68    65    61    110   89    86    126   116   
     52    67    65    61    87    80    86    126   116   
     52    67    65    61    87    80    86    126   116   
     52    66    65    61    87    80    86    126   116   

C3   56    72    74    70    139   175   104   238   375   
     56    74    74    70    151   180   104   288   374   
     56    74    74    71    151   180   104   288   374   
     56    74    74    71    151   180   104   288   374   

bg   52    68    65    61    97    80    86    172   116   
     52    66    65    61    87    80    86    126   115   
     52    66    65    61    87    80    86    126   115   
     52    66    65    61    87    80    86    126   116   


Trial #19-------------------------

     A1    A2    A3    B1    B2    B3    C1    C2    C3    

A1   284   250   121   155   168   105   96    134   122   
     283   282   120   155   178   105   99    136   122   
     281   281   120   154   178   105   99    136   122   
     280   280   120   154   177   104   99    136   122   

bg   53    100   68    62    96    80    87    128   116   
     53    67    65    62    87    80    87    126   116   
     54    67    66    63    88    81    87    127   117   
     54    68    67    63    89    82    88    129   118   

A2   194   342   265   122   207   151   97    138   127   
     193   401   263   121   220   150   95    139   126   
     192   401   263   120   220   150   95    138   125   
     192   400   263   120   219   150   95    138   125   

bg   52    128   65    61    98    80    86    128   116   
     52    66    64    61    86    79    86    125   115   
     52    66    65    61    86    79    85    125   115   
     52    66    65    61    86    79    86    125   115   

A3   72    161   302   70    129   149   89    130   125   
     72    210   302   70    141   149   89    132   126   
     72    210   301   70    141   148   89    132   126   
     72    210   300   70    141   148   89    131   125   

bg   59    116   64    61    98    79    85    127   115   
     52    66    65    61    87    79    86    126   115   
     52    66    65    61    87    80    86    126   116   
     53    67    65    62    87    80    86    126   116   

B1   134   134   88    287   274   130   186   202   142   
     144   154   88    287   287   129   186   217   142   
     144   154   88    286   287   129   185   216   142   
     144   153   88    286   286   129   185   216   142   

bg   53    87    65    62    97    79    86    139   115   
     53    66    65    62    87    79    86    125   115   
     53    66    65    62    86    79    86    125   115   
     53    66    64    62    86    79    86    125   115   

B2   115   161   125   193   393   239   129   230   193   
     115   192   132   193   406   239   144   245   193   
     115   192   132   192   405   238   144   245   193   
     115   192   133   192   404   238   144   244   193   

bg   53    97    64    62    94    116   94    138   115   
     53    66    64    62    86    79    86    125   115   
     53    66    64    62    86    79    86    125   115   
     53    66    64    62    86    79    86    125   115   

B3   64    100   132   80    208   227   98    186   221   
     64    114   132   80    212   260   99    194   221   
     64    114   132   81    212   260   99    194   221   
     64    114   132   80    212   259   99    194   220   

bg   54    80    65    62    89    98    86    132   115   
     54    66    65    62    87    79    86    125   115   
     54    66    65    62    87    79    86    125   115   
     54    66    65    62    87    79    86    125   115   

C1   64    74    70    162   178   110   333   342   177   
     64    77    70    162   178   111   333   357   177   
     64    77    70    161   178   110   332   357   176   
     64    77    70    161   178   110   331   356   176   

bg   57    69    65    62    87    80    87    136   115   
     54    66    65    62    87    80    87    126   116   
     54    67    65    62    87    80    87    126   116   
     54    66    65    62    87    80    87    126   116   

C2   60    78    72    122   221   173   242   486   335   
     61    78    72    122   221   173   242   500   334   
     61    78    72    122   221   173   241   499   334   
     61    78    72    122   221   173   241   498   334   

bg   54    66    66    62    86    79    86    133   115   
     54    66    65    62    86    79    86    125   115   
     54    66    65    62    86    79    86    125   115   
     54    66    64    62    86    79    86    125   115   

C3   58    73    74    72    149   178   99    283   372   
     58    73    74    72    150   178   105   286   372   
     58    73    74    72    150   179   105   286   372   
     58    73    74    72    150   178   105   286   371   

bg   54    66    65    62    86    79    90    125   115   
     54    66    65    62    86    79    86    125   115   
     54    66    64    62    86    79    86    125   115   
     54    66    65    62    86    79    86    125   115   


Trial #20-------------------------

     A1    A2    A3    B1    B2    B3    C1    C2    C3    

A1   283   281   120   156   178   104   98    135   121   
     282   280   120   155   177   104   99    135   121   
     279   280   119   154   177   104   98    135   121   
     278   278   119   152   176   103   98    135   121   

bg   52    66    64    61    86    79    85    125   115   
     52    66    64    61    86    79    85    125   114   
     52    66    64    61    86    79    85    124   114   
     53    66    64    62    86    79    85    125   114   

A2   195   403   265   120   220   150   95    138   125   
     194   403   264   121   220   150   95    138   125   
     194   402   263   121   220   150   95    138   125   
     194   401   263   121   220   150   95    138   125   

bg   53    66    64    65    86    79    86    125   115   
     53    66    64    62    86    79    86    125   115   
     53    66    64    62    86    79    86    125   115   
     54    66    65    62    86    79    86    125   115   

A3   66    211   234   69    140   149   90    131   125   
     74    211   302   71    141   149   90    132   126   
     74    211   302   71    141   149   90    132   126   
     73    210   301   71    141   149   90    132   126   

bg   58    66    97    64    86    104   86    125   115   
     53    66    64    62    86    79    86    125   115   
     53    66    65    62    87    79    86    126   115   
     53    67    65    62    87    80    87    126   116   

B1   145   154   88    261   289   122   186   217   142   
     144   154   88    287   289   129   186   216   141   
     144   154   88    286   288   129   185   216   141   
     144   154   88    286   287   129   185   216   141   

bg   52    66    64    92    86    83    109   125   114   
     52    66    64    61    86    79    85    124   114   
     52    66    64    61    86    79    85    124   114   
     52    66    64    61    86    79    85    124   114   

B2   114   192   132   169   407   237   135   245   193   
     114   192   132   192   407   239   143   245   193   
     114   192   133   192   406   239   143   245   193   
     114   192   132   191   405   238   143   244   193   

bg   52    66    64    85    86    79    85    125   114   
     52    66    64    61    86    79    85    124   114   
     52    66    64    61    86    79    85    124   114   
     52    66    64    61    86    79    85    124   114   

B3   62    113   132   75    212   261   97    193   220   
     62    113   132   79    212   260   97    193   220   
     62    113   132   79    212   260   97    193   220   
     63    113   132   79    211   259   97    193   220   

bg   53    66    76    66    86    79    85    124   114   
     53    66    64    61    86    79    85    124   114   
     53    65    64    61    86    78    85    124   114   
     53    65    64    61    85    78    85    124   114   

C1   60    76    69    135   177   109   330   355   175   
     63    76    69    160   177   109   330   354   174   
     63    76    69    160   176   109   329   353   174   
     63    76    69    160   176   109   329   353   174   

bg   55    66    64    88    86    79    86    124   114   
     53    66    64    62    86    79    86    124   114   
     53    66    64    61    86    78    85    124   114   
     53    65    64    61    85    78    85    124   114   

C2   60    77    72    121   219   171   240   497   332   
     60    77    72    121   219   171   239   497   331   
     59    77    72    120   219   171   239   496   331   
     59    77    72    120   219   171   238   495   331   

bg   51    65    64    60    85    78    131   124   114   
     51    65    64    60    85    79    85    124   114   
     51    65    64    60    85    78    84    124   114   
     51    65    64    60    85    78    84    124   114   

C3   56    73    73    70    149   178   99    286   372   
     56    73    73    70    149   178   103   286   372   
     56    73    73    70    149   178   103   285   371   
     56    73    73    70    149   178   103   285   371   

bg   51    66    64    60    86    79    86    124   114   
     51    66    64    60    86    78    84    124   114   
     51    65    64    60    85    78    84    123   113   
     51    65    63    60    85    78    84    123   113   

