     A1    A2    A3    B1    B2    B3    C1    C2    C3    

A1   116   131   93    89    122   108   108   153   140   
     116   131   93    89    121   108   108   153   139   
     116   132   93    90    122   109   109   154   140   
     117   133   94    90    123   110   110   156   142   

bg   59    82    81    68    102   102   105   150   137   
     59    82    81    69    103   103   105   151   138   
     59    82    81    68    102   103   105   150   138   
     59    83    81    69    103   103   105   151   138   

A2   100   189   148   84    139   128   108   154   141   
     100   190   148   84    139   128   108   154   140   
     100   189   148   84    138   128   107   154   140   
     100   189   148   84    139   128   108   154   140   

bg   59    82    81    68    102   102   105   150   137   
     59    82    81    69    103   103   105   151   138   
     59    83    81    69    103   103   106   151   138   
     59    83    81    69    103   103   106   151   138   

A3   65    134   161   71    125   133   106   153   141   
     65    134   160   71    125   133   106   152   141   
     65    135   161   72    125   134   106   153   141   
     66    135   161   72    125   134   107   154   142   

bg   59    82    81    69    103   103   105   151   138   
     59    82    81    69    103   103   105   151   138   
     59    82    81    69    103   103   105   151   138   
     59    82    81    69    103   103   105   150   138   

B1   87    106   86    134   151   114   136   176   144   
     87    105   86    134   150   114   136   176   144   
     87    105   86    134   150   114   136   176   143   
     87    105   86    134   150   114   136   176   144   

bg   59    82    81    68    102   102   105   150   138   
     59    82    81    68    102   102   104   150   137   
     59    82    81    68    102   102   104   150   137   
     59    82    81    68    102   102   105   150   137   

B2   73    115   104   98    180   159   121   186   162   
     73    115   104   98    179   159   121   186   161   
     73    115   104   99    179   159   122   186   162   
     73    115   104   98    179   159   121   186   161   

bg   59    82    81    68    102   102   105   150   137   
     59    82    80    68    102   102   104   150   137   
     59    82    81    68    102   102   104   150   137   
     59    82    81    68    102   102   104   150   137   

B3   61    99    107   71    145   176   108   172   170   
     61    99    107   71    145   176   108   172   170   
     61    99    108   71    146   176   108   172   170   
     61    99    108   71    146   176   108   172   170   

bg   58    81    80    68    101   101   104   149   136   
     59    82    80    68    102   102   104   149   137   
     59    82    81    68    102   102   104   150   137   
     59    82    80    68    102   102   104   149   137   

C1   62    85    82    100   130   112   183   219   158   
     62    85    82    100   130   112   183   219   158   
     62    85    82    100   131   112   183   219   158   
     62    85    82    100   131   112   183   219   158   

bg   60    83    82    69    104   104   106   152   139   
     59    83    82    69    103   104   106   152   139   
     59    82    81    68    102   102   105   150   138   
     59    82    81    68    102   102   105   150   137   

C2   61    85    83    87    143   132   155   257   203   
     61    85    83    87    143   132   155   257   203   
     61    86    84    87    144   132   156   257   203   
     62    86    84    88    144   133   157   258   205   

bg   58    81    80    68    101   101   104   149   136   
     59    82    80    68    102   102   104   149   137   
     59    82    81    68    102   102   105   150   137   
     59    82    81    68    102   102   105   150   137   

C3   60    85    84    72    124   133   113   199   209   
     60    84    83    71    123   132   112   197   208   
     60    84    84    71    123   133   112   198   208   
     60    84    84    71    124   133   112   198   209   

bg   59    82    81    68    102   102   105   150   138   
     59    82    80    68    102   102   104   149   137   
     59    82    80    68    102   102   104   149   137   
     59    82    81    68    102   102   104   150   137   
