     A1    A2    A3    B1    B2    B3    C1    C2    C3    

A1   128   141   93    94    124   107   110   155   138   
     126   140   93    93    123   107   108   153   138   
     124   140   93    93    123   107   108   153   139   
     127   141   93    94    123   106   108   153   138   

bg   59    83    80    69    103   102   105   152   138   
     60    83    80    69    104   101   106   152   137   
     60    83    80    70    104   102   107   153   137   
     60    84    81    70    105   103   108   154   139   

A2   101   190   146   85    139   126   109   155   138   
     100   190   147   84    139   126   108   154   139   
     100   189   147   84    139   127   107   154   140   
     101   190   147   85    139   127   108   155   140   

bg   59    83    82    69    104   104   106   152   140   
     59    83    82    69    104   104   106   152   139   
     60    83    81    70    104   103   107   153   138   
     60    83    81    70    104   103   107   153   138   

A3   67    136   160   73    127   134   109   156   142   
     67    136   161   73    127   134   108   156   142   
     67    136   162   73    127   136   108   156   144   
     67    137   164   73    128   137   109   157   146   

bg   59    83    81    69    104   102   106   152   139   
     59    83    81    69    104   102   106   152   139   
     59    82    80    69    103   101   106   151   137   
     59    83    80    69    103   101   106   151   136   

B1   88    106   85    137   152   113   138   177   143   
     88    106   85    138   152   112   138   178   142   
     88    107   87    138   153   114   139   179   145   
     91    110   90    140   157   119   142   185   152   

bg   59    83    81    69    104   102   106   152   138   
     59    83    81    69    103   102   106   152   139   
     60    83    81    69    104   102   106   152   138   
     60    83    80    69    104   102   107   152   137   

B2   74    117   104   100   181   160   123   189   163   
     73    116   103   99    180   158   123   187   160   
     73    115   103   98    180   157   122   186   160   
     73    115   103   98    179   158   121   186   161   

bg   59    83    80    69    103   102   106   152   137   
     59    83    81    69    103   102   105   151   138   
     59    83    81    69    104   103   106   152   139   
     60    83    81    69    104   102   107   152   138   

B3   61    100   108   72    147   176   109   174   171   
     61    100   107   72    147   174   109   173   169   
     61    100   107   72    147   174   109   173   169   
     61    100   107   72    147   176   109   173   171   

bg   60    83    81    69    104   102   107   152   137   
     59    83    80    69    103   102   105   151   137   
     59    82    80    69    103   102   105   151   138   
     59    83    81    69    103   102   106   152   138   

C1   63    87    83    102   134   113   187   223   160   
     63    86    82    101   132   112   186   222   158   
     62    86    82    100   132   112   184   221   159   
     62    86    82    100   132   112   183   220   159   

bg   59    82    83    69    103   106   105   151   141   
     59    83    83    69    103   106   105   151   141   
     60    83    83    69    103   106   106   152   141   
     60    83    83    69    104   106   106   152   141   

C2   62    87    86    88    145   136   158   260   207   
     63    88    87    89    146   137   159   261   209   
     64    89    88    90    148   140   160   264   212   
     63    88    87    89    147   139   159   262   210   

bg   60    83    82    69    104   104   106   152   139   
     59    83    81    69    103   103   106   152   138   
     60    83    81    69    104   103   106   152   138   
     60    83    81    69    104   103   107   152   138   

C3   60    85    84    72    124   133   113   199   208   
     61    85    84    72    125   133   114   200   208   
     61    85    84    72    125   134   114   200   210   
     60    85    84    72    125   134   113   200   210   

bg   60    83    82    70    104   104   107   153   139   
     61    85    83    71    106   106   108   155   142   
     60    84    83    70    105   105   108   154   141   
     60    83    82    70    104   103   107   153   139   
