     A1    A2    A3    B1    B2    B3    C1    C2    C3    

A1   127   141   94    94    124   108   110   155   139   
     127   141   94    94    124   108   109   154   139   
     127   141   94    94    124   108   109   154   139   
     127   141   94    94    124   108   110   155   140   

bg   60    84    82    70    105   104   107   154   140   
     60    84    82    70    104   103   107   153   139   
     60    83    81    69    104   103   106   152   138   
     59    83    81    69    103   103   106   152   138   

A2   102   192   150   86    141   129   110   158   142   
     101   191   149   85    141   129   110   157   142   
     102   191   150   86    141   130   110   158   143   
     101   191   149   85    140   129   109   157   142   

bg   59    83    81    69    103   103   106   152   138   
     59    83    81    69    103   103   106   152   138   
     60    83    82    70    104   103   107   153   139   
     61    85    83    71    106   105   108   155   141   

A3   67    136   161   73    127   134   108   156   143   
     67    137   162   73    128   135   109   157   144   
     67    136   162   73    127   135   108   156   144   
     66    136   161   72    126   134   107   155   142   

bg   59    83    81    69    103   103   106   152   138   
     60    83    81    69    104   103   106   152   139   
     60    83    81    69    104   103   106   152   138   
     60    83    81    69    104   103   106   152   138   

B1   90    109   89    139   156   117   141   183   149   
     89    107   87    138   153   115   139   180   145   
     88    107   87    137   153   115   139   179   145   
     88    106   87    137   153   114   138   179   145   

bg   59    83    81    69    104   103   106   152   138   
     59    83    81    69    104   103   106   152   138   
     60    83    81    69    104   103   106   152   138   
     60    83    81    69    104   103   106   152   138   

B2   75    118   106   101   183   162   125   191   165   
     74    117   105   100   181   160   124   189   163   
     74    117   104   99    181   160   123   188   162   
     73    116   104   99    180   159   122   188   162   

bg   59    83    81    69    103   102   106   152   138   
     59    82    81    69    103   102   105   151   137   
     60    83    81    69    104   103   106   152   138   
     60    84    82    70    105   104   107   153   139   

B3   61    100   107   72    146   176   109   173   170   
     61    100   108   72    147   176   109   174   170   
     61    100   108   72    147   176   109   173   170   
     61    100   107   72    146   175   108   173   170   

bg   61    84    83    70    105   104   108   155   140   
     60    84    82    70    105   104   107   154   140   
     60    83    82    70    104   103   107   153   139   
     60    83    81    69    104   103   106   152   138   

C1   63    86    83    100   132   112   184   221   159   
     63    86    83    101   133   113   186   222   159   
     64    88    85    102   135   115   187   225   162   
     63    87    84    101   134   114   186   223   161   

bg   59    82    81    69    103   102   105   151   137   
     59    83    81    69    104   103   106   152   138   
     60    84    82    70    104   104   107   153   139   
     61    84    83    70    105   105   108   155   140   

C2   62    86    84    88    145   132   157   259   203   
     62    86    84    88    144   132   157   259   203   
     62    87    84    88    145   132   157   258   204   
     62    87    84    88    145   132   157   258   204   

bg   60    83    82    69    104   103   106   153   139   
     60    83    82    69    104   103   106   152   139   
     60    83    81    69    104   103   106   152   138   
     60    83    82    70    104   103   107   153   139   

C3   61    85    84    72    125   133   114   200   209   
     61    85    84    72    125   133   114   200   209   
     61    86    84    72    125   134   114   200   209   
     61    86    85    73    126   135   115   202   211   

bg   59    83    81    69    103   102   105   151   137   
     59    83    81    69    103   103   106   152   138   
     59    83    81    69    104   103   106   152   138   
     59    83    81    69    103   103   106   152   138   
