     A1    A2    A3    B1    B2    B3    C1    C2    C3    

A1   124   138   93    92    122   107   107   152   138   
     124   138   93    92    122   107   107   152   138   
     124   138   93    92    122   107   107   152   138   
     124   138   93    92    122   107   107   152   138   

bg   58    81    80    68    101   101   104   149   136   
     58    81    80    68    101   101   104   149   136   
     59    82    80    68    102   102   104   149   137   
     59    82    81    68    102   102   104   150   137   

A2   100   189   148   84    138   128   107   153   140   
     100   189   148   84    138   128   107   153   140   
     100   189   148   84    138   128   107   154   140   
     100   189   147   84    138   127   107   153   140   

bg   58    81    80    67    101   101   103   148   136   
     58    81    80    68    101   101   104   148   136   
     58    81    80    68    101   101   103   148   136   
     58    81    80    68    101   101   104   148   136   

A3   65    134   160   71    125   133   106   152   141   
     65    134   160   71    124   133   105   152   140   
     65    134   160   71    125   133   106   152   141   
     65    135   160   71    125   133   106   153   141   

bg   59    82    81    69    102   103   105   150   138   
     59    82    81    69    103   103   105   151   138   
     59    82    80    68    102   102   104   150   137   
     59    82    80    68    102   102   104   149   137   

B1   87    105   86    136   151   113   136   176   143   
     87    105   86    136   151   113   136   176   143   
     87    105   86    136   151   113   136   175   143   
     87    105   86    136   151   114   136   176   143   

bg   59    82    80    68    102   102   104   149   137   
     59    82    80    68    102   102   104   149   137   
     59    82    81    68    102   102   105   150   137   
     59    82    81    69    103   103   105   151   138   

B2   72    115   103   98    179   159   121   185   161   
     73    115   103   98    179   159   121   186   161   
     73    116   105   99    180   160   123   188   163   
     74    116   105   99    180   160   123   188   163   

bg   58    81    80    68    102   102   104   149   137   
     59    82    80    68    102   102   104   149   137   
     59    82    81    68    102   102   105   150   137   
     60    83    82    69    104   104   106   152   140   

B3   60    98    106   70    144   174   106   169   168   
     60    98    106   70    144   175   107   170   168   
     60    99    107   71    145   175   107   171   169   
     61    99    107   71    145   175   107   171   169   

bg   58    81    79    67    101   101   103   148   135   
     58    81    80    67    101   101   103   148   136   
     58    81    80    68    102   102   104   149   137   
     58    81    80    68    102   102   104   149   137   

C1   62    85    82    100   130   112   183   219   158   
     62    85    82    100   130   112   183   219   158   
     62    84    82    99    130   111   182   218   157   
     62    85    82    99    130   112   182   218   157   

bg   59    82    81    68    102   102   105   150   138   
     59    82    81    68    102   102   105   150   137   
     59    82    80    68    102   102   104   149   137   
     58    81    80    68    102   102   104   149   137   

C2   61    86    84    87    144   132   156   258   204   
     62    87    85    88    145   133   157   259   205   
     62    87    85    88    145   134   157   259   205   
     61    86    84    87    144   132   156   257   203   

bg   58    81    80    68    101   101   104   149   136   
     58    81    80    68    101   101   104   149   136   
     59    82    80    68    102   102   104   150   137   
     59    82    81    68    102   102   105   150   137   

C3   60    84    83    71    123   132   111   197   207   
     60    84    83    71    123   132   112   198   208   
     61    85    84    72    125   134   113   200   210   
     61    85    84    72    125   134   113   200   210   

bg   58    81    80    68    101   101   104   149   136   
     59    82    80    68    102   102   104   149   137   
     58    81    80    68    101   101   104   149   136   
     58    81    80    68    101   101   104   149   136   
