Trial #5-------------------------

     A1    A2    A3    B1    B2    B3    C1    C2    C3    

A1   45    46    21    26    30    18    18    25    22    
     45    46    21    26    30    18    18    25    22    
     45    46    21    26    30    18    18    25    22    
     45    46    21    26    30    18    18    24    22    

bg   9     12    12    11    16    14    16    23    21    
     9     12    12    11    16    15    16    23    21    
     9     12    12    11    16    15    16    23    21    
     9     12    12    11    16    15    16    23    21    

A2   31    65    43    20    37    25    17    25    22    
     31    65    43    20    37    25    17    25    22    
     31    65    43    20    37    25    17    25    22    
     31    65    43    20    37    25    17    25    22    

bg   9     12    12    11    16    15    16    23    21    
     9     12    12    11    16    15    16    23    21    
     9     12    12    11    16    15    16    23    21    
     9     12    12    11    16    15    16    23    21    

A3   12    35    49    13    24    25    16    24    23    
     12    35    49    13    24    25    16    24    23    
     12    35    49    13    24    25    16    24    23    
     12    35    49    13    24    25    16    24    23    

bg   9     12    12    11    16    15    16    23    21    
     9     12    12    11    16    14    16    23    21    
     9     12    12    11    16    14    16    23    21    
     9     12    12    11    16    15    16    23    21    

B1   24    26    16    46    47    22    31    37    25    
     24    26    16    46    47    22    31    37    25    
     24    26    16    46    47    22    31    37    25    
     24    26    16    46    47    22    31    37    25    

bg   9     12    12    11    16    15    16    23    21    
     9     12    12    11    16    15    16    23    21    
     9     12    12    11    16    15    16    23    21    
     9     12    12    11    16    15    16    23    21    

B2   19    32    22    31    66    39    25    42    33    
     19    32    22    31    66    39    25    42    33    
     19    32    22    31    66    39    25    42    33    
     19    32    22    31    66    39    25    42    33    

bg   9     12    12    11    16    14    16    23    21    
     9     12    12    11    16    14    16    23    21    
     9     12    12    11    16    14    16    23    21    
     9     12    12    11    16    14    16    23    21    

B3   11    19    22    14    35    43    17    34    37    
     11    19    22    14    35    43    17    34    37    
     11    19    22    14    35    43    17    34    37    
     11    19    22    14    35    43    17    34    37    

bg   9     12    12    11    16    14    16    23    21    
     9     12    12    11    16    14    16    23    21    
     9     12    12    11    16    14    16    23    21    
     9     12    12    11    16    14    16    23    21    

C1   11    14    13    26    30    19    54    59    30    
     11    14    13    26    30    19    54    59    30    
     11    14    13    26    30    19    54    59    30    
     11    14    13    26    30    19    54    59    30    

bg   9     12    12    11    16    14    15    23    21    
     9     12    12    11    16    14    15    23    21    
     9     12    12    11    16    14    16    23    21    
     9     12    12    11    16    14    16    23    21    

C2   10    14    13    20    36    29    40    81    55    
     10    14    13    20    36    29    40    81    55    
     10    14    13    20    36    29    40    81    55    
     10    14    13    20    36    29    40    81    55    

bg   9     12    12    11    16    14    16    23    21    
     9     12    12    11    16    14    16    23    21    
     9     12    12    11    16    14    16    23    21    
     9     12    12    11    16    14    16    23    21    

C3   10    13    13    12    25    30    18    48    61    
     10    13    13    12    25    30    18    48    61    
     10    13    13    13    26    30    18    48    61    
     10    13    13    12    26    30    18    48    61    

bg   9     12    12    11    16    14    16    23    21    
     9     12    12    11    16    14    16    23    21    
     9     12    12    11    16    14    16    23    21    
     9     12    12    11    16    14    16    23    21    


Trial #6-------------------------

     A1    A2    A3    B1    B2    B3    C1    C2    C3    

A1   45    46    21    26    30    18    17    24    22    
     45    46    21    26    30    18    17    24    22    
     45    46    21    26    30    18    17    24    22    
     45    46    20    26    30    18    17    24    22    

bg   9     12    12    11    16    14    16    23    21    
     9     12    12    11    16    14    16    23    21    
     9     12    12    11    16    14    16    23    21    
     9     12    12    11    16    14    16    23    21    

A2   31    64    43    20    36    25    17    25    22    
     31    64    43    20    36    25    17    25    22    
     31    64    43    20    36    25    17    25    22    
     31    64    43    20    36    25    17    25    22    

bg   9     12    12    11    16    14    15    23    21    
     9     12    12    11    16    14    15    23    21    
     9     12    12    11    16    14    16    23    21    
     9     12    12    11    16    14    15    23    21    

A3   12    35    49    13    24    25    16    24    23    
     12    35    49    13    24    25    16    24    23    
     12    35    49    13    24    25    16    24    23    
     12    35    49    13    24    25    16    24    23    

bg   9     12    12    11    16    14    16    23    21    
     9     12    12    11    16    14    16    23    21    
     9     12    12    11    16    14    16    23    21    
     9     12    12    11    16    14    16    23    21    

B1   24    26    16    46    47    22    31    37    25    
     24    26    16    46    47    22    31    37    25    
     24    26    16    46    47    22    31    37    25    
     24    26    16    46    47    22    31    37    25    

bg   9     12    12    11    16    15    16    23    21    
     9     12    12    11    16    15    16    23    21    
     9     12    12    11    16    15    16    23    21    
     9     12    12    11    16    14    16    23    21    

B2   19    32    22    31    66    39    25    42    33    
     19    32    22    31    66    39    25    42    33    
     19    32    22    31    66    39    25    42    33    
     19    32    22    31    66    39    25    42    33    

bg   9     12    12    11    16    14    15    23    21    
     9     12    12    11    16    14    15    23    21    
     9     12    12    11    16    14    15    23    21    
     9     12    12    11    16    14    16    23    21    

B3   11    19    22    14    35    43    17    34    37    
     11    19    22    14    35    43    17    34    37    
     11    19    22    14    35    43    17    34    37    
     11    20    22    14    35    43    17    34    37    

bg   9     12    12    11    16    14    16    23    21    
     9     12    12    11    16    14    16    23    21    
     9     12    12    11    16    14    16    23    21    
     9     12    12    11    16    14    16    23    21    

C1   11    14    13    26    30    19    54    59    30    
     11    14    13    26    30    19    54    59    30    
     11    14    13    26    30    19    54    59    30    
     11    14    13    26    30    19    54    59    30    

bg   9     12    12    11    16    14    16    23    21    
     9     12    12    11    16    14    16    23    21    
     9     12    12    11    16    15    16    23    21    
     9     12    12    11    16    15    16    23    21    

C2   11    14    13    20    37    29    40    81    55    
     10    14    13    20    37    29    40    81    55    
     10    14    13    20    37    29    40    81    55    
     10    14    13    20    37    29    40    81    55    

bg   9     12    12    11    16    14    15    23    21    
     9     12    12    11    16    14    15    23    21    
     9     12    12    11    16    14    15    23    21    
     9     12    12    11    16    14    15    23    21    

C3   10    13    13    12    25    30    18    48    61    
     10    13    13    12    25    30    18    48    61    
     10    13    13    12    25    30    18    48    61    
     10    13    13    12    25    30    18    48    61    

bg   9     12    12    11    16    14    15    23    21    
     9     12    12    11    16    14    15    23    21    
     9     12    12    11    16    14    16    23    21    
     9     12    12    11    16    14    16    23    21    


Trial #7-------------------------

     A1    A2    A3    B1    B2    B3    C1    C2    C3    

A1   45    46    21    26    30    18    18    25    22    
     45    46    21    26    30    18    18    25    22    
     45    46    21    26    30    18    18    25    22    
     45    46    21    26    30    18    18    25    22    

bg   9     12    12    11    16    14    16    23    21    
     9     12    12    11    16    14    16    23    21    
     9     12    12    11    16    14    16    23    21    
     9     12    12    11    16    14    16    23    21    

A2   31    64    43    20    36    25    17    25    22    
     31    64    43    20    36    25    17    25    22    
     31    64    43    20    36    25    17    25    22    
     31    64    43    20    36    25    17    25    22    

bg   9     12    12    11    16    14    15    23    21    
     9     12    12    11    16    14    15    23    21    
     9     12    12    11    16    14    15    23    21    
     9     12    12    11    16    14    15    23    21    

A3   12    35    49    12    24    25    16    24    22    
     12    35    49    12    24    25    16    24    22    
     12    35    49    12    24    25    16    24    22    
     12    35    49    12    24    25    16    24    22    

bg   9     12    12    11    16    14    15    23    21    
     9     12    12    11    16    14    15    23    21    
     9     12    12    11    16    14    15    23    21    
     9     12    12    11    16    14    15    23    21    

B1   23    26    15    46    47    22    31    37    25    
     23    26    15    46    47    22    31    37    25    
     23    26    15    46    47    22    31    37    25    
     23    26    15    46    47    22    31    37    25    

bg   9     12    12    11    16    14    15    23    21    
     9     12    12    11    16    14    15    23    21    
     9     12    12    11    16    14    15    23    21    
     9     12    12    11    16    14    15    23    21    

B2   19    32    22    31    66    39    24    41    33    
     19    32    22    31    66    39    24    41    33    
     19    32    22    31    65    39    24    41    33    
     19    32    22    31    65    39    24    41    33    

bg   9     12    12    11    16    14    15    23    21    
     9     12    12    11    16    14    15    23    21    
     9     12    12    11    16    14    15    23    21    
     9     12    12    11    16    14    15    23    21    

B3   11    19    22    14    35    43    17    33    37    
     11    19    22    14    35    43    17    33    37    
     11    19    22    14    35    43    17    33    37    
     11    19    22    14    35    43    17    33    37    

bg   9     12    12    11    16    14    15    23    21    
     9     12    12    11    16    14    15    23    21    
     9     12    12    11    16    14    15    23    21    
     9     12    12    11    16    14    15    23    21    

C1   11    14    13    26    30    19    54    59    30    
     11    14    13    26    30    19    54    59    30    
     11    14    13    26    30    19    54    59    30    
     11    14    13    26    30    19    54    59    30    

bg   9     12    12    11    16    14    15    23    21    
     9     12    12    11    16    14    15    23    21    
     9     12    12    11    16    14    15    23    21    
     9     12    12    11    16    14    15    23    21    

C2   10    14    13    20    36    29    40    81    55    
     10    14    13    20    36    29    39    81    55    
     10    14    13    20    36    29    39    81    55    
     10    14    13    20    36    29    39    81    55    

bg   9     12    12    11    15    14    15    23    21    
     9     12    12    11    15    14    15    23    21    
     9     12    12    11    15    14    15    23    21    
     9     12    12    11    15    14    15    23    21    

C3   10    13    13    12    25    30    18    48    61    
     10    13    13    12    25    30    18    48    61    
     10    13    13    12    25    30    18    48    61    
     10    13    13    12    25    30    18    48    61    

bg   9     12    12    11    15    14    15    23    21    
     9     12    12    11    15    14    15    23    21    
     9     12    12    11    15    14    15    22    21    
     9     12    12    11    15    14    15    22    21    


Trial #8-------------------------

     A1    A2    A3    B1    B2    B3    C1    C2    C3    

A1   45    45    20    25    30    18    17    24    22    
     45    45    20    25    30    18    17    24    22    
     45    45    20    25    30    18    17    24    22    
     45    45    20    25    30    18    17    24    22    

bg   9     12    12    11    15    14    15    23    21    
     9     12    12    11    15    14    15    23    21    
     9     12    12    11    15    14    15    23    21    
     9     12    12    11    15    14    15    23    21    

A2   31    64    43    20    36    25    17    24    22    
     31    64    43    20    36    25    17    24    22    
     31    64    43    20    36    25    17    25    22    
     31    64    43    20    36    25    17    25    22    

bg   9     12    12    11    15    14    15    23    21    
     9     12    12    11    15    14    15    23    21    
     9     12    12    11    15    14    15    23    21    
     9     12    12    11    15    14    15    23    21    

A3   12    35    49    12    24    25    16    24    22    
     12    35    49    12    24    25    16    24    22    
     12    35    49    12    24    25    16    24    22    
     12    34    49    12    24    25    16    24    22    

bg   9     12    12    11    15    14    15    23    21    
     9     12    12    11    15    14    15    22    21    
     9     12    12    11    15    14    15    22    21    
     9     12    12    11    15    14    15    22    21    

B1   23    26    15    46    47    22    31    37    25    
     23    26    15    46    47    22    31    37    25    
     23    26    15    46    47    22    31    37    25    
     23    26    15    46    47    22    31    37    25    

bg   9     12    12    11    15    14    15    22    21    
     9     12    12    11    15    14    15    22    21    
     9     12    12    11    15    14    15    22    21    
     9     12    12    11    15    14    15    22    21    

B2   19    32    22    31    65    39    24    41    33    
     19    32    22    31    65    39    24    41    33    
     19    32    22    31    65    39    24    41    33    
     19    32    22    31    65    39    24    41    33    

bg   9     12    12    11    15    14    15    22    21    
     9     12    12    11    15    14    15    22    21    
     9     12    12    11    15    14    15    22    21    
     9     12    12    11    15    14    15    22    21    

B3   11    19    22    14    35    43    17    33    37    
     11    19    22    14    35    42    17    33    37    
     11    19    22    14    35    42    17    33    37    
     11    19    22    14    35    42    17    33    37    

bg   9     12    12    11    15    14    15    22    20    
     9     12    12    11    15    14    15    22    20    
     9     12    12    11    15    14    15    22    20    
     9     12    12    11    15    14    15    22    20    

C1   11    14    12    26    30    19    54    59    30    
     11    14    12    26    30    19    54    59    30    
     11    14    12    26    30    19    54    59    30    
     11    14    12    26    30    19    54    58    30    

bg   9     12    12    11    15    14    15    22    20    
     9     12    12    11    15    14    15    22    20    
     9     12    12    11    15    14    15    22    20    
     9     12    12    11    15    14    15    22    20    

C2   10    14    13    20    36    29    39    81    55    
     10    14    13    20    36    29    39    81    55    
     10    14    13    20    36    29    39    81    55    
     10    14    13    20    36    29    39    81    55    

bg   9     12    12    11    15    14    15    22    20    
     9     12    12    11    15    14    15    22    20    
     9     12    12    11    15    14    15    22    20    
     9     12    12    11    15    14    15    22    20    

C3   10    13    13    12    25    30    18    48    61    
     10    13    13    12    25    30    18    48    61    
     10    13    13    12    25    30    18    48    61    
     10    13    13    12    25    30    18    48    61    

bg   9     12    12    11    15    14    15    22    21    
     9     12    12    11    15    14    15    22    21    
     9     12    12    11    15    14    15    22    21    
     9     12    12    11    15    14    15    22    21    

