Trial #1-------------------------

     A1    A2    A3    B1    B2    B3    C1    C2    C3    

A1   135   152   101   100   135   114   104   149   140   
     135   151   101   100   134   114   103   149   140   
     134   151   101   100   134   114   103   149   140   
     134   151   101   100   134   114   103   149   140   

bg   60    81    83    69    104   105   98    145   137   
     60    81    83    69    104   105   98    145   137   
     60    81    83    69    104   105   98    145   137   
     60    81    82    69    104   105   98    145   137   

A2   105   192   150   88    149   133   102   149   140   
     105   192   150   89    149   133   102   150   141   
     106   192   151   89    150   133   102   150   141   
     106   192   151   89    150   134   103   151   142   

bg   60    82    83    70    105   106   99    146   138   
     60    82    83    70    105   106   99    146   138   
     60    82    83    70    105   106   99    146   138   
     60    81    83    70    105   105   99    146   138   

A3   67    132   165   73    127   135   100   148   141   
     67    132   165   73    127   135   100   148   141   
     67    132   165   73    127   135   101   148   142   
     67    132   165   73    127   135   101   148   141   

bg   60    81    83    70    105   105   99    145   137   
     60    81    83    70    105   105   99    146   138   
     60    81    83    69    104   105   99    145   137   
     60    81    83    69    104   105   98    145   137   

B1   89    109   90    141   166   121   130   174   145   
     89    109   90    141   166   121   130   174   145   
     89    109   90    141   166   121   131   174   145   
     89    109   90    141   166   121   131   174   145   

bg   60    81    83    69    104   105   99    145   137   
     60    81    83    69    104   105   99    145   137   
     60    81    83    69    104   105   99    145   137   
     60    81    82    69    104   105   98    145   137   

B2   79    125   111   110   210   171   117   184   164   
     79    125   111   110   210   171   116   184   164   
     79    125   111   110   210   171   116   184   164   
     79    125   111   110   210   171   116   184   164   

bg   60    81    83    69    104   105   98    145   137   
     60    81    82    69    104   105   99    145   137   
     60    81    82    69    104   105   99    145   137   
     60    81    83    69    104   105   99    145   137   

B3   63    103   114   75    155   186   102   169   174   
     63    102   114   75    155   186   102   168   174   
     63    103   114   75    155   186   102   169   174   
     64    103   115   75    156   187   103   169   175   

bg   60    81    83    69    104   105   98    145   137   
     60    81    83    69    104   105   98    145   137   
     60    81    83    69    104   105   99    145   137   
     60    81    83    69    104   105   99    145   137   

C1   64    84    84    102   134   115   179   220   156   
     63    84    84    101   133   114   178   219   156   
     63    84    84    101   133   114   178   219   156   
     63    84    84    101   133   114   178   219   156   

bg   60    81    82    69    104   104   98    144   137   
     60    81    82    69    104   105   98    145   137   
     60    81    83    69    104   105   98    145   137   
     60    81    82    69    104   105   98    145   137   

C2   63    85    86    88    147   136   148   266   208   
     63    85    86    89    147   136   149   266   208   
     63    85    86    89    147   136   149   266   208   
     63    85    86    89    147   136   149   266   207   

bg   60    81    83    70    105   105   99    146   138   
     60    81    83    70    105   105   99    145   137   
     60    81    83    69    105   105   99    145   137   
     60    81    83    69    105   105   99    145   138   

C3   61    84    86    72    126   139   105   198   222   
     61    84    86    72    126   139   105   198   221   
     62    84    86    73    126   139   105   198   221   
     62    84    86    73    126   139   105   198   221   

bg   61    83    84    71    106   107   101   149   140   
     62    83    85    71    107   107   101   149   140   
     62    83    85    71    107   107   101   149   140   
     61    83    85    71    106   107   101   149   140   


Trial #2-------------------------

     A1    A2    A3    B1    B2    B3    C1    C2    C3    

A1   135   152   102   100   135   115   104   150   141   
     135   152   102   100   135   114   104   150   141   
     134   151   101   100   134   114   103   149   140   
     134   151   101   100   134   114   103   149   140   

bg   60    81    82    69    104   105   98    145   137   
     60    81    82    69    104   105   98    145   137   
     60    81    82    69    104   104   98    145   136   
     60    81    82    69    104   104   98    144   136   

A2   105   192   150   88    149   133   101   149   140   
     105   192   150   88    149   133   101   149   141   
     105   192   150   88    149   133   101   149   141   
     105   191   150   88    149   133   101   149   141   

bg   60    81    83    69    104   105   98    145   137   
     60    81    82    69    104   105   98    145   137   
     60    81    83    69    104   105   99    145   137   
     60    81    83    69    104   105   99    145   137   

A3   67    131   165   73    127   135   100   147   141   
     67    131   165   73    127   135   100   148   141   
     67    131   165   73    127   135   100   148   141   
     67    131   165   73    127   135   100   148   141   

bg   60    81    83    69    105   105   99    146   138   
     60    81    83    70    105   106   99    146   138   
     60    82    83    70    105   106   99    146   138   
     60    82    83    70    105   106   99    146   138   

B1   90    110   91    143   167   122   132   175   146   
     90    109   90    142   167   121   131   175   146   
     89    109   90    142   166   121   131   174   145   
     89    109   90    142   166   120   131   173   145   

bg   60    81    82    69    104   104   98    144   136   
     60    80    82    69    104   104   98    144   136   
     60    81    82    69    104   104   98    144   137   
     60    81    83    69    105   105   99    145   138   

B2   80    126   111   111   211   172   118   186   166   
     80    126   111   111   211   172   118   186   166   
     80    126   111   111   211   172   118   186   165   
     80    125   111   110   210   171   117   185   165   

bg   60    81    82    69    104   104   98    144   136   
     60    81    82    69    104   104   98    144   136   
     60    81    82    69    104   104   98    144   136   
     60    81    82    69    104   104   98    144   136   

B3   63    102   114   75    155   187   102   168   174   
     63    102   114   75    155   187   102   168   174   
     63    102   114   75    155   187   102   169   174   
     63    103   114   75    155   187   102   169   174   

bg   60    81    83    69    104   105   99    145   137   
     60    81    83    70    104   105   99    145   137   
     60    81    83    70    104   105   99    145   137   
     60    81    83    70    104   105   99    145   137   

C1   64    84    84    102   133   115   178   220   157   
     63    84    84    101   133   115   178   219   156   
     63    84    84    101   133   115   178   219   156   
     63    84    84    101   133   115   178   219   157   

bg   60    81    83    69    104   105   98    145   137   
     60    81    83    69    104   105   99    145   137   
     60    81    83    69    104   105   99    145   137   
     60    81    82    69    104   104   98    145   137   

C2   62    85    85    88    147   135   148   265   207   
     62    85    85    88    147   135   148   265   207   
     62    85    85    88    147   135   148   265   207   
     62    85    86    88    147   136   148   265   207   

bg   60    81    83    69    104   105   98    145   137   
     60    81    83    69    104   105   98    145   137   
     60    81    83    69    104   105   98    145   137   
     60    81    83    69    104   105   99    145   137   

C3   62    84    86    73    126   139   105   198   221   
     62    84    86    73    126   139   105   198   221   
     62    84    86    73    126   139   105   198   221   
     62    84    86    73    126   139   105   198   221   

bg   60    81    83    69    104   105   99    145   137   
     60    81    83    69    104   105   99    145   137   
     60    81    83    69    104   105   99    145   137   
     60    81    83    69    104   105   99    145   137   


Trial #3-------------------------

     A1    A2    A3    B1    B2    B3    C1    C2    C3    

A1   134   151   101   100   134   113   103   149   139   
     134   151   101   100   134   113   103   149   139   
     134   150   101   100   134   113   103   149   139   
     134   150   101   100   134   113   103   149   139   

bg   60    81    83    70    104   105   99    145   137   
     60    81    83    70    104   105   99    145   137   
     60    81    83    69    104   105   99    145   137   
     60    81    83    69    104   105   99    145   137   

A2   105   192   151   88    149   133   101   149   141   
     105   192   151   88    149   133   101   149   141   
     105   192   151   88    149   133   101   149   141   
     105   192   151   88    149   133   102   149   141   

bg   60    81    83    70    105   105   99    146   137   
     60    81    83    70    105   105   99    146   137   
     60    81    83    70    105   105   99    146   137   
     60    81    83    70    105   105   99    146   137   

A3   67    132   165   73    127   135   100   148   141   
     67    131   165   73    127   135   100   148   141   
     67    131   165   72    127   135   100   148   141   
     67    131   165   72    127   135   100   148   141   

bg   60    81    83    69    104   105   98    145   137   
     60    81    83    69    104   105   98    145   137   
     60    81    82    69    104   105   99    145   137   
     60    81    83    69    104   105   99    145   137   

B1   89    109   90    142   166   120   131   173   144   
     89    109   90    142   166   120   131   173   145   
     89    109   90    142   166   121   131   174   145   
     89    109   90    142   167   121   131   174   146   

bg   60    81    83    70    105   105   99    146   138   
     60    81    83    70    105   105   99    146   138   
     60    81    83    70    105   105   99    146   138   
     60    81    83    70    105   105   99    146   138   

B2   80    126   111   111   211   172   118   185   165   
     80    126   111   111   211   172   118   185   165   
     80    126   111   111   211   172   118   185   165   
     80    126   111   111   211   172   118   185   165   

bg   60    82    83    70    105   106   99    146   138   
     60    82    83    70    105   106   99    146   138   
     60    82    83    70    105   106   99    146   138   
     60    82    84    70    105   106   99    146   139   

B3   64    104   115   76    157   188   103   171   176   
     64    104   115   76    157   188   103   170   176   
     64    104   115   76    157   188   104   170   176   
     64    104   115   76    157   187   104   171   176   

bg   61    82    84    70    106   106   100   147   139   
     61    82    84    70    106   106   100   147   139   
     61    82    84    70    106   107   100   147   139   
     61    82    84    70    106   107   100   147   139   

C1   64    86    86    103   135   117   180   222   159   
     65    86    86    103   136   117   180   222   159   
     65    86    86    103   135   117   180   222   159   
     65    86    86    103   136   117   180   223   159   

bg   61    83    84    71    107   107   101   148   140   
     61    83    84    71    106   107   101   148   140   
     61    83    84    71    106   107   101   148   139   
     61    83    84    71    106   107   101   148   139   

C2   63    86    87    89    149   137   150   268   210   
     63    86    87    89    149   138   150   268   210   
     63    86    87    89    149   138   150   268   210   
     63    86    87    89    149   138   150   268   210   

bg   61    82    84    71    106   107   100   148   139   
     61    82    84    71    106   107   100   148   139   
     61    82    84    70    106   106   100   147   139   
     61    82    84    70    105   106   100   146   138   

C3   62    84    86    72    126   138   105   197   220   
     61    84    86    72    125   138   104   197   220   
     61    83    86    72    125   138   104   197   220   
     61    83    86    72    125   138   104   197   220   

bg   60    81    83    70    105   106   99    146   138   
     60    81    83    69    104   105   99    145   138   
     60    81    83    69    104   105   99    145   137   
     60    81    83    69    105   105   99    145   137   


Trial #4-------------------------

     A1    A2    A3    B1    B2    B3    C1    C2    C3    

A1   135   151   101   100   134   114   104   149   140   
     135   151   101   100   134   114   104   149   140   
     135   151   101   100   134   114   104   150   140   
     134   151   101   100   135   114   104   150   140   

bg   60    82    83    70    105   106   99    146   138   
     60    81    83    70    105   106   99    146   138   
     60    81    83    70    105   106   99    146   138   
     60    81    83    70    105   105   99    146   138   

A2   106   193   152   89    151   134   103   151   143   
     107   194   152   90    151   135   104   152   143   
     107   194   152   90    152   135   104   153   144   
     107   194   152   90    151   135   104   153   143   

bg   60    81    83    69    104   105   99    145   137   
     60    81    82    69    104   105   99    145   137   
     60    81    83    69    104   105   99    145   137   
     60    81    83    69    104   105   99    145   137   

A3   67    132   166   73    128   137   101   150   143   
     68    133   167   74    128   137   101   150   143   
     68    133   166   74    128   137   101   150   143   
     68    132   166   74    128   137   101   150   143   

bg   60    81    83    70    105   105   99    146   137   
     60    81    83    70    105   105   99    145   137   
     60    81    83    69    104   105   99    145   137   
     60    81    83    69    104   105   99    145   137   

B1   89    109   90    142   167   121   131   174   145   
     89    109   90    141   166   120   130   173   145   
     89    109   90    141   166   121   130   173   145   
     89    109   90    141   166   121   131   174   145   

bg   60    81    82    69    104   104   98    145   137   
     60    81    82    69    104   104   98    145   137   
     60    81    82    69    104   105   98    145   137   
     60    81    83    69    104   105   99    145   137   

B2   80    126   111   111   212   172   118   186   166   
     80    126   112   111   211   172   118   186   166   
     80    126   112   111   211   172   118   186   166   
     80    126   112   111   211   172   118   186   166   

bg   61    82    84    70    105   106   99    147   139   
     61    82    84    70    105   106   99    146   138   
     61    82    83    70    105   106   99    146   138   
     61    82    84    70    106   106   100   147   139   

B3   65    105   116   77    159   190   105   174   178   
     65    105   117   77    159   190   106   174   179   
     65    105   117   77    159   190   106   174   178   
     65    105   116   77    158   189   105   173   178   

bg   61    82    84    70    106   106   100   147   139   
     61    82    84    70    106   107   100   148   139   
     61    83    85    71    107   107   101   149   141   
     62    83    85    71    108   108   101   150   142   

C1   65    87    87    103   137   118   181   224   161   
     65    86    86    103   136   117   180   222   159   
     64    86    86    103   135   116   180   221   158   
     64    86    85    102   135   116   179   221   158   

bg   61    82    84    70    106   106   100   147   139   
     61    82    84    70    106   106   100   147   139   
     61    82    84    70    106   107   100   147   139   
     61    82    84    70    106   107   100   147   139   

C2   63    86    87    89    149   138   150   269   210   
     63    86    87    89    149   138   150   269   210   
     63    86    87    90    149   138   150   268   210   
     63    86    87    90    149   138   150   268   210   

bg   61    83    84    71    106   107   101   148   139   
     61    82    84    71    106   106   100   147   139   
     61    82    84    70    106   106   100   147   139   
     61    82    84    70    106   106   100   147   139   

C3   63    85    88    74    128   141   106   200   224   
     63    85    88    74    128   141   106   200   224   
     63    85    88    74    128   141   106   200   224   
     63    85    88    74    128   141   107   200   224   

bg   61    83    84    71    107   107   101   148   140   
     61    83    84    71    107   107   101   148   140   
     61    83    84    71    107   107   101   148   140   
     61    83    84    71    107   107   101   148   140   


