Trial #1-------------------------

     A1    A2    A3    B1    B2    B3    C1    C2    C3    

A1   153   176   127   119   158   143   144   215   194   
     152   175   127   119   158   143   144   215   194   
     152   175   127   119   158   143   144   215   194   
     152   175   127   119   158   143   144   215   194   

bg   78    106   109   89    133   136   140   212   192   
     78    106   109   89    133   136   140   212   192   
     78    106   109   89    133   135   140   212   192   
     77    106   109   89    133   135   140   212   191   

A2   122   215   176   105   170   161   142   215   194   
     122   215   176   105   170   161   142   215   194   
     122   215   176   105   169   161   142   215   194   
     122   215   176   105   170   161   142   215   194   

bg   77    105   109   89    132   135   139   212   192   
     77    105   109   89    132   136   140   212   192   
     77    105   109   89    132   135   139   212   192   
     77    106   109   89    132   135   140   212   192   

A3   84    157   193   92    154   166   141   214   195   
     84    157   193   92    154   166   141   214   195   
     84    157   192   92    154   166   141   214   195   
     84    156   192   92    154   166   141   214   195   

bg   78    106   109   89    133   136   140   212   192   
     78    106   109   89    133   136   140   212   192   
     78    106   109   89    133   136   140   212   192   
     78    106   109   89    133   136   140   212   192   

B1   105   129   114   159   182   145   171   239   199   
     105   129   114   158   182   145   171   239   198   
     105   129   114   158   182   145   171   239   198   
     105   129   114   158   181   145   171   239   198   

bg   77    105   108   89    132   135   139   211   191   
     77    105   108   89    132   135   139   211   191   
     77    105   108   89    132   135   139   211   191   
     77    105   108   89    132   135   139   211   191   

B2   92    140   133   120   214   194   155   247   216   
     92    140   133   120   214   194   155   247   216   
     91    140   133   120   214   194   154   247   216   
     91    140   132   120   214   194   154   247   216   

bg   77    105   108   89    132   134   139   210   190   
     77    105   108   89    132   134   139   210   190   
     77    105   108   89    131   134   139   210   190   
     77    105   108   89    131   134   139   210   190   

B3   79    125   140   91    179   217   141   234   228   
     79    125   140   91    179   217   141   233   228   
     79    125   140   91    179   217   141   233   227   
     79    125   140   91    179   217   141   233   228   

bg   77    104   108   88    131   134   138   210   190   
     77    105   108   88    131   134   138   210   190   
     77    105   108   88    131   134   139   210   190   
     77    105   108   89    131   134   139   210   190   

C1   80    108   110   120   159   144   219   286   210   
     80    108   110   120   159   144   218   286   210   
     80    108   110   120   159   144   218   285   210   
     80    108   110   120   159   144   218   285   210   

bg   77    105   109   89    132   135   139   211   191   
     77    105   109   89    132   135   139   211   191   
     77    105   109   89    132   135   139   212   191   
     77    105   109   89    132   135   140   212   192   

C2   79    109   111   108   173   166   190   335   263   
     79    109   111   108   173   166   190   335   263   
     80    109   111   108   174   166   191   335   263   
     79    109   111   108   173   166   190   334   263   

bg   77    105   109   89    132   135   139   211   191   
     77    105   109   89    132   135   139   211   191   
     77    105   108   89    132   135   139   211   191   
     77    105   109   89    132   135   139   211   191   

C3   78    107   112   92    153   169   145   264   276   
     78    108   112   92    153   169   145   264   276   
     79    108   112   92    154   169   146   265   276   
     79    108   112   92    153   169   145   265   276   

bg   77    105   108   89    132   134   139   211   190   
     77    105   108   89    132   134   139   210   190   
     77    105   108   89    131   134   139   210   190   
     77    105   108   88    131   134   138   210   190   


Trial #2-------------------------

     A1    A2    A3    B1    B2    B3    C1    C2    C3    

A1   152   174   126   118   157   141   142   213   192   
     152   174   126   118   157   141   142   213   192   
     152   174   126   118   157   141   142   213   192   
     152   174   126   118   157   141   142   213   192   

bg   77    104   108   88    131   134   139   210   190   
     77    105   108   89    131   134   139   210   190   
     77    105   108   89    131   134   139   210   190   
     77    105   108   88    131   134   139   210   190   

A2   122   214   176   105   169   160   141   214   193   
     122   214   176   105   169   160   141   214   193   
     122   214   176   105   169   161   141   214   193   
     122   214   176   105   169   160   141   214   193   

bg   77    104   108   88    131   134   138   210   190   
     77    104   108   88    131   134   138   210   190   
     77    104   108   88    131   134   138   209   189   
     77    104   107   88    131   134   138   209   189   

A3   83    155   191   91    152   164   139   211   193   
     83    155   191   91    152   164   139   211   193   
     83    155   191   91    152   164   139   211   193   
     83    155   191   91    152   164   139   211   193   

bg   76    104   107   88    130   133   137   208   189   
     76    104   107   88    130   133   137   208   189   
     76    104   107   88    130   133   137   208   189   
     76    104   107   88    130   133   137   208   189   

B1   104   128   112   157   180   143   169   236   195   
     104   128   112   158   180   143   169   236   195   
     104   128   112   158   180   143   169   237   195   
     105   128   112   158   180   143   169   237   196   

bg   77    105   108   89    132   135   139   210   190   
     77    105   108   89    132   135   139   211   191   
     77    105   108   89    132   135   139   211   191   
     77    105   108   88    131   135   138   210   190   

B2   91    140   132   120   214   194   154   246   215   
     91    140   132   120   214   194   154   246   215   
     92    140   133   120   214   194   155   247   216   
     92    140   133   120   214   194   155   248   216   

bg   77    105   109   89    132   135   140   212   191   
     77    105   109   89    132   135   140   212   191   
     77    105   109   89    132   135   140   212   192   
     77    105   109   89    132   136   140   212   192   

B3   80    126   141   92    181   219   143   236   230   
     80    126   141   92    181   219   143   236   230   
     80    126   141   92    181   218   143   236   229   
     80    126   141   92    181   218   143   236   229   

bg   78    106   109   89    133   135   140   212   191   
     78    106   109   89    133   135   140   212   192   
     78    106   109   89    133   135   140   212   192   
     78    106   109   90    133   136   140   212   192   

C1   81    109   111   121   161   145   220   288   213   
     81    109   111   121   161   146   220   288   213   
     81    109   111   121   161   146   220   288   213   
     81    109   111   121   161   146   220   288   213   

bg   78    106   110   90    133   136   141   213   193   
     78    106   110   90    133   136   141   213   193   
     78    106   110   90    133   136   141   213   193   
     78    106   110   90    133   136   141   213   193   

C2   80    110   112   108   175   167   191   337   265   
     80    110   112   108   174   167   191   336   265   
     80    109   112   108   174   167   191   336   265   
     80    109   112   108   174   167   191   336   265   

bg   78    106   109   89    133   136   140   212   192   
     77    105   109   89    133   136   140   212   192   
     77    105   109   89    132   135   140   212   192   
     77    105   109   89    132   135   139   212   191   

C3   79    108   112   92    154   169   145   265   276   
     79    108   112   92    154   169   145   265   276   
     79    108   112   92    154   169   146   265   276   
     79    108   112   92    154   169   145   265   276   

bg   77    105   108   89    132   135   139   211   191   
     77    105   108   89    132   135   139   210   191   
     77    105   108   89    132   135   139   210   190   
     77    105   108   88    131   134   139   210   190   


Trial #3-------------------------

     A1    A2    A3    B1    B2    B3    C1    C2    C3    

A1   152   175   126   118   157   141   143   213   192   
     152   175   126   118   157   141   143   213   192   
     152   175   126   118   157   141   143   213   192   
     152   174   126   118   157   141   143   213   192   

bg   77    105   108   89    132   134   139   210   190   
     77    105   108   89    132   134   139   210   190   
     77    105   108   89    132   134   139   210   190   
     77    105   108   89    132   135   139   211   191   

A2   122   215   177   105   169   161   142   215   194   
     122   215   177   105   169   161   142   215   194   
     122   215   176   105   169   161   142   215   194   
     122   215   176   105   170   161   142   215   194   

bg   77    105   108   89    132   135   139   211   191   
     77    105   108   89    132   135   139   211   191   
     77    105   108   89    132   135   139   211   191   
     77    105   108   89    132   135   139   211   191   

A3   84    156   193   92    154   166   141   214   195   
     84    156   193   92    154   166   141   214   195   
     84    156   193   92    154   166   140   214   195   
     84    156   192   92    154   166   140   214   195   

bg   77    105   109   89    132   135   139   211   191   
     77    105   109   89    132   135   139   211   191   
     77    105   109   89    132   135   140   212   191   
     78    106   109   89    133   135   140   212   192   

B1   105   129   114   159   182   145   171   239   198   
     105   129   114   159   182   145   171   239   198   
     105   129   114   159   182   145   171   239   198   
     105   129   113   158   181   145   170   238   197   

bg   77    105   109   89    132   135   139   211   191   
     77    105   109   89    132   135   139   212   192   
     77    105   109   89    132   135   140   212   192   
     77    105   109   89    132   135   140   212   192   

B2   92    140   133   120   215   194   155   248   216   
     92    140   133   120   214   194   155   247   216   
     92    140   133   120   214   194   155   247   216   
     92    140   133   120   214   194   155   247   216   

bg   77    104   108   88    131   134   138   210   190   
     77    104   108   88    131   134   138   209   189   
     76    104   107   88    130   133   137   209   189   
     76    104   107   88    130   133   137   209   189   

B3   78    124   139   91    179   216   140   232   226   
     78    124   139   91    178   216   140   232   226   
     78    124   139   90    178   215   140   231   225   
     78    124   138   90    178   215   140   231   225   

bg   75    103   106   87    129   132   136   206   186   
     75    102   106   87    129   131   136   206   186   
     75    102   105   86    128   131   135   205   186   
     75    102   105   86    128   131   135   205   185   

C1   78    105   107   118   156   140   215   280   205   
     78    105   107   118   156   140   215   280   205   
     78    104   106   118   155   140   214   279   204   
     78    104   106   117   155   139   214   279   204   

bg   74    101   104   86    127   130   134   203   183   
     74    101   104   86    127   130   134   203   184   
     75    101   104   86    127   130   134   204   184   
     75    101   105   86    127   130   134   204   184   

C2   77    105   108   104   169   161   185   327   257   
     77    105   108   104   169   161   185   327   257   
     77    105   108   104   169   161   185   327   257   
     77    105   108   105   169   161   185   327   257   

bg   75    102   106   87    129   131   136   205   186   
     75    102   106   87    129   131   136   205   186   
     75    102   106   87    129   131   136   206   186   
     76    103   106   87    129   132   136   206   186   

C3   77    105   109   90    150   166   142   260   272   
     77    105   109   90    151   166   142   260   272   
     77    106   110   90    151   167   143   261   273   
     77    106   110   90    151   167   143   261   273   

bg   76    104   107   88    130   133   137   209   189   
     76    104   107   88    131   134   138   209   189   
     76    104   107   88    131   134   138   209   189   
     77    104   107   88    131   134   138   209   189   


Trial #4-------------------------

     A1    A2    A3    B1    B2    B3    C1    C2    C3    

A1   152   174   125   118   156   141   142   213   191   
     151   174   125   118   156   141   142   213   191   
     151   174   125   118   156   141   142   213   191   
     151   174   125   118   156   141   142   213   191   

bg   77    105   108   89    132   135   139   211   191   
     77    105   108   89    132   135   139   211   191   
     77    105   109   89    132   135   140   212   192   
     77    105   108   89    132   135   139   211   191   

A2   122   215   175   105   169   160   141   213   193   
     122   215   175   105   169   159   141   213   192   
     122   214   175   105   168   159   141   213   191   
     122   214   174   105   168   159   141   213   191   

bg   77    104   106   88    131   132   139   210   188   
     77    104   105   88    131   132   138   210   187   
     76    104   105   88    131   131   138   209   187   
     76    104   105   88    131   131   138   209   186   

A3   83    155   189   91    152   162   139   211   190   
     83    155   189   91    152   162   139   211   190   
     83    155   189   91    152   161   139   212   190   
     83    155   189   91    152   161   139   211   189   

bg   76    104   106   88    131   131   138   209   184   
     76    104   106   88    131   132   138   209   185   
     76    104   107   88    131   133   138   209   188   
     76    104   107   88    131   133   138   210   189   

B1   104   128   113   158   181   144   170   238   197   
     104   128   113   158   181   144   170   238   197   
     104   128   113   158   181   144   170   238   197   
     104   128   113   158   181   144   169   238   197   

bg   77    105   108   88    132   135   138   211   191   
     77    105   108   88    132   135   138   211   191   
     77    105   108   88    132   135   138   211   191   
     77    105   108   88    132   135   138   211   191   

B2   92    141   133   120   215   195   154   248   217   
     92    141   133   120   214   195   153   248   217   
     92    141   133   120   214   195   153   248   217   
     92    141   134   120   214   195   153   248   218   

bg   78    106   110   88    133   136   137   213   193   
     78    106   110   89    133   136   137   213   193   
     78    106   110   89    133   137   138   213   193   
     78    106   110   89    133   136   138   213   193   

B3   80    127   142   92    182   220   141   237   231   
     80    127   142   92    182   220   141   237   231   
     80    127   142   92    182   219   141   237   231   
     80    127   142   92    182   219   141   237   231   

bg   77    106   109   89    133   136   138   212   193   
     77    106   109   88    133   136   137   212   192   
     77    106   109   88    133   136   137   212   192   
     77    105   109   88    132   136   137   212   192   

C1   80    108   110   120   160   145   217   287   211   
     80    109   110   120   160   145   218   287   212   
     80    109   110   120   161   145   218   287   212   
     80    108   110   120   160   145   217   287   211   

bg   77    105   109   88    132   135   137   211   191   
     77    105   109   88    132   135   137   211   191   
     77    105   109   88    132   135   137   211   192   
     77    105   109   88    132   135   137   211   192   

C2   79    109   111   106   173   166   188   334   264   
     79    109   111   106   173   166   188   334   264   
     79    109   111   106   173   166   188   334   263   
     79    109   111   106   173   166   188   334   263   

bg   77    105   109   88    132   135   137   212   192   
     77    105   109   88    132   135   137   212   192   
     77    105   109   88    132   135   137   212   192   
     77    105   109   88    132   136   137   212   192   

C3   78    108   112   91    154   170   143   266   278   
     78    108   112   91    154   170   144   266   278   
     78    108   112   91    154   170   144   266   278   
     78    108   112   91    154   170   144   266   278   

bg   77    106   110   89    133   136   138   213   193   
     78    106   110   89    133   136   138   213   193   
     78    106   110   89    133   136   138   213   193   
     78    106   110   89    133   136   139   213   193   


