Trial #1-------------------------

     A1    A2    A3    B1    B2    B3    C1    C2    C3    

A1   128   141   122   124   178   154   145   217   197   
     128   141   122   124   178   154   145   217   197   
     128   141   122   124   178   154   145   217   197   
     127   141   122   124   178   154   145   216   196   

bg   68    99    111   96    153   147   141   213   195   
     68    100   111   97    153   147   141   214   195   
     68    100   111   97    153   148   141   214   195   
     68    100   111   97    153   147   141   214   195   

A2   92    189   175   112   196   175   144   218   198   
     92    189   175   111   196   175   144   218   198   
     92    189   174   111   195   175   144   218   198   
     92    189   174   111   195   175   144   217   198   

bg   68    99    110   96    153   147   141   213   195   
     68    99    111   96    153   147   141   213   195   
     68    99    111   96    153   147   141   213   195   
     68    100   111   97    153   147   141   213   195   

A3   73    150   194   100   176   178   142   216   199   
     73    150   194   100   176   178   142   216   199   
     73    150   194   100   176   178   142   216   199   
     73    150   194   100   176   178   142   216   199   

bg   68    100   111   97    153   147   141   214   195   
     68    100   111   97    153   148   141   214   195   
     68    100   111   97    154   148   141   214   195   
     68    100   111   97    154   148   141   214   196   

B1   97    127   119   172   221   166   175   246   205   
     97    127   119   172   221   166   175   245   205   
     97    127   119   171   221   166   175   245   205   
     97    126   119   171   221   165   175   245   205   

bg   68    100   111   97    153   148   141   214   195   
     68    100   111   97    153   148   141   214   195   
     68    100   111   97    153   148   141   214   195   
     68    100   111   97    153   148   141   214   195   

B2   86    145   140   140   270   219   160   255   224   
     86    145   140   140   270   219   160   256   224   
     86    144   140   140   269   219   160   255   224   
     86    144   140   139   269   218   160   255   223   

bg   68    99    110   96    153   147   141   213   194   
     68    99    110   96    153   147   141   213   194   
     68    99    110   96    153   147   141   213   194   
     68    100   110   97    153   147   141   213   194   

B3   71    123   144   103   209   233   145   239   234   
     71    123   144   103   209   233   145   239   234   
     71    122   144   103   209   233   145   239   234   
     71    122   144   103   209   233   145   239   234   

bg   67    99    110   96    153   147   140   213   194   
     67    99    110   96    152   147   140   212   194   
     67    99    110   96    152   147   140   212   194   
     68    99    110   96    153   147   140   213   194   

C1   71    103   112   129   183   157   221   289   214   
     71    103   112   129   183   158   222   289   214   
     71    103   112   129   183   158   221   289   215   
     71    103   112   129   183   158   221   289   215   

bg   68    100   111   96    153   147   141   213   195   
     68    99    111   96    153   147   141   213   195   
     68    100   111   96    153   147   141   213   195   
     68    99    110   96    153   147   141   213   195   

C2   70    103   113   116   198   179   192   337   267   
     70    103   113   116   198   179   192   337   267   
     70    103   113   116   198   179   192   337   267   
     70    103   114   117   198   180   192   337   267   

bg   68    100   111   97    154   148   141   214   195   
     68    100   111   97    154   148   141   214   195   
     68    100   111   97    154   148   142   215   196   
     68    100   111   97    154   148   142   215   196   

C3   70    104   116   101   177   184   149   271   284   
     70    104   117   102   179   186   150   272   285   
     71    104   117   102   179   186   150   272   284   
     71    105   117   102   179   186   151   272   285   

bg   68    100   110   97    153   147   141   213   194   
     68    99    110   96    153   147   141   213   194   
     68    99    110   96    153   147   140   213   194   
     68    99    110   96    153   147   140   213   194   


Trial #2-------------------------

     A1    A2    A3    B1    B2    B3    C1    C2    C3    

A1   128   141   122   124   178   154   145   216   197   
     128   141   122   124   178   154   145   217   197   
     128   141   122   124   178   154   145   217   197   
     128   141   122   124   178   154   145   217   197   

bg   68    100   111   97    154   148   141   214   195   
     69    101   112   98    155   150   143   217   198   
     71    104   116   102   159   154   148   224   204   
     72    106   118   103   163   157   150   227   207   

A2   92    190   175   112   196   176   144   219   199   
     92    189   175   112   196   175   144   218   198   
     92    189   175   111   195   175   144   217   198   
     91    188   173   111   195   174   143   217   198   

bg   68    100   111   97    153   147   141   214   195   
     68    100   111   97    153   147   141   214   195   
     68    100   111   97    154   148   141   214   195   
     68    100   111   97    154   148   142   215   196   

A3   73    150   195   100   176   179   143   216   199   
     73    150   195   100   176   178   142   216   199   
     73    150   195   100   176   179   142   216   199   
     73    150   194   99    176   178   142   216   199   

bg   68    99    110   96    153   147   141   213   195   
     68    100   111   97    153   148   141   214   195   
     68    100   111   97    153   148   141   214   195   
     68    100   111   97    153   148   141   214   195   

B1   96    126   118   171   219   164   174   244   204   
     96    126   118   170   219   164   174   244   204   
     96    126   118   171   220   165   174   244   204   
     96    126   118   170   219   165   174   244   204   

bg   68    100   111   97    154   148   141   214   195   
     68    100   111   97    154   148   141   214   195   
     68    100   111   97    154   148   141   214   195   
     68    100   111   97    154   148   141   214   195   

B2   87    145   141   141   271   220   161   257   226   
     87    146   142   141   271   220   162   258   227   
     87    146   142   141   272   221   163   259   227   
     88    146   142   142   272   221   163   260   228   

bg   68    100   111   97    154   148   142   214   195   
     68    100   111   97    154   148   141   214   195   
     68    100   111   97    154   148   141   214   195   
     68    100   111   97    154   148   141   214   195   

B3   71    123   144   103   210   233   145   239   234   
     71    123   144   103   210   233   145   239   234   
     71    123   144   103   210   233   145   239   234   
     71    123   144   103   210   233   145   239   234   

bg   68    100   111   97    153   148   141   214   195   
     68    100   111   97    153   147   141   214   195   
     68    100   110   97    153   147   141   213   195   
     68    100   111   97    153   147   141   214   195   

C1   71    103   113   129   184   159   222   291   216   
     71    103   113   129   184   159   222   291   216   
     71    103   113   129   184   158   222   290   216   
     71    103   113   129   184   158   221   290   215   

bg   68    100   111   97    153   148   141   214   195   
     68    100   111   97    153   148   141   214   195   
     68    100   111   97    153   148   141   214   195   
     68    100   111   97    154   148   141   214   195   

C2   70    103   114   117   199   180   193   338   268   
     70    104   114   117   199   180   193   338   268   
     70    103   114   116   199   180   192   338   268   
     70    103   113   116   198   179   192   337   267   

bg   68    99    110   96    153   147   141   213   194   
     68    99    110   96    153   147   140   213   194   
     68    99    110   96    153   147   140   213   194   
     68    99    110   96    153   147   141   213   194   

C3   69    102   114   100   175   182   147   267   280   
     69    102   114   100   175   182   147   267   280   
     69    102   114   100   175   182   147   267   280   
     69    102   114   100   175   182   147   267   280   

bg   68    100   111   97    153   148   141   214   195   
     68    100   111   97    153   148   141   214   195   
     68    100   111   97    153   148   141   214   195   
     68    100   111   97    153   148   141   214   195   


Trial #3-------------------------

     A1    A2    A3    B1    B2    B3    C1    C2    C3    

A1   127   141   122   124   178   154   145   217   197   
     127   141   122   124   178   154   145   217   197   
     127   141   122   124   178   154   145   216   197   
     127   141   122   124   177   154   145   216   196   

bg   68    100   111   96    153   147   141   213   194   
     68    99    110   96    153   147   141   213   194   
     68    99    110   96    153   147   140   213   194   
     68    99    110   96    153   147   140   213   194   

A2   92    189   175   111   196   175   144   218   198   
     92    189   175   112   196   175   144   218   198   
     92    189   175   111   196   175   144   217   198   
     92    189   175   111   196   175   144   218   198   

bg   68    100   111   97    153   147   141   213   195   
     68    100   111   97    153   147   141   213   195   
     68    100   111   97    153   147   141   213   195   
     68    100   111   97    153   147   141   213   195   

A3   73    150   194   99    176   178   142   216   199   
     73    150   194   99    176   178   142   216   199   
     73    150   194   99    176   178   142   216   199   
     73    150   194   99    176   178   142   216   199   

bg   68    100   111   97    153   148   141   214   195   
     68    100   111   97    154   148   141   214   195   
     68    100   111   97    153   148   141   214   195   
     68    100   111   97    154   148   141   214   195   

B1   96    126   118   171   220   164   174   244   204   
     96    126   118   170   219   164   174   243   203   
     96    126   118   170   219   164   173   243   204   
     96    126   118   170   219   164   173   243   203   

bg   68    99    110   96    153   147   141   213   195   
     68    99    110   96    153   147   141   213   195   
     68    99    110   96    153   147   141   213   195   
     68    100   111   96    153   147   141   213   195   

B2   86    144   140   140   269   218   160   255   223   
     86    144   140   140   269   218   160   255   224   
     86    145   140   140   269   218   160   255   224   
     86    145   140   140   269   218   160   255   224   

bg   68    100   111   97    153   147   141   214   195   
     68    100   111   97    153   148   141   214   195   
     68    100   111   97    153   148   141   214   195   
     68    100   111   97    153   148   141   214   195   

B3   71    123   144   103   210   233   145   239   234   
     71    123   144   103   210   233   145   239   234   
     71    123   144   103   210   233   145   239   234   
     71    123   144   103   210   233   146   240   234   

bg   68    100   111   97    153   148   141   214   195   
     68    100   111   97    154   148   141   214   195   
     68    100   111   97    154   148   141   214   195   
     68    100   111   97    154   148   141   214   195   

C1   71    103   113   129   184   158   222   290   216   
     71    103   113   129   184   158   222   290   216   
     71    103   113   129   184   158   222   290   215   
     71    103   113   129   184   158   222   290   215   

bg   68    100   111   97    153   148   141   214   195   
     68    100   111   97    154   148   141   214   195   
     68    100   111   97    154   148   141   214   195   
     68    100   111   97    154   148   142   214   196   

C2   70    104   114   117   199   180   193   339   269   
     70    104   114   117   199   180   193   339   269   
     70    104   114   117   199   181   193   339   269   
     70    104   114   117   199   180   193   338   269   

bg   68    100   111   97    153   148   141   214   195   
     68    100   111   97    154   148   141   214   195   
     68    100   111   97    154   148   141   214   195   
     68    100   111   97    154   148   142   214   195   

C3   69    102   114   100   176   183   148   268   281   
     69    102   114   100   176   183   147   268   281   
     69    102   114   100   176   183   148   268   281   
     69    102   114   100   176   183   147   268   281   

bg   68    100   111   97    153   148   141   214   195   
     68    100   111   97    153   148   141   214   195   
     68    100   111   97    154   148   141   214   195   
     68    100   111   97    154   148   141   214   195   


Trial #4-------------------------

     A1    A2    A3    B1    B2    B3    C1    C2    C3    

A1   128   142   122   125   178   154   145   217   197   
     128   141   122   125   178   154   145   217   197   
     127   141   122   124   178   154   145   217   197   
     127   141   122   124   178   154   145   217   197   

bg   68    100   111   97    154   148   141   214   196   
     68    100   111   97    154   148   141   214   196   
     68    100   111   97    154   148   141   214   196   
     68    100   111   97    154   148   141   214   196   

A2   92    190   175   112   196   175   144   218   199   
     92    190   175   112   196   175   144   218   199   
     92    190   175   112   196   175   144   218   199   
     92    189   175   112   196   175   144   218   199   

bg   68    100   111   97    154   148   142   215   196   
     68    100   111   97    154   148   142   215   196   
     68    100   111   97    154   149   142   215   196   
     68    101   112   97    155   149   142   216   197   

A3   73    151   195   100   177   180   143   218   201   
     73    151   195   100   177   179   143   218   200   
     73    151   195   100   177   179   143   217   200   
     73    150   194   100   177   179   143   217   200   

bg   68    100   111   97    154   148   141   214   195   
     68    100   111   97    154   148   141   214   195   
     68    100   111   97    153   148   141   214   195   
     68    100   111   97    153   147   141   214   195   

B1   96    126   118   171   220   165   174   244   204   
     96    126   118   171   220   165   174   244   204   
     96    126   118   171   220   165   174   244   204   
     96    126   118   171   220   165   174   244   204   

bg   68    100   111   97    154   148   141   214   195   
     68    100   111   97    154   148   141   214   195   
     68    100   111   97    154   148   141   214   195   
     68    100   111   97    154   148   142   214   195   

B2   86    145   141   140   270   219   161   256   224   
     86    145   140   140   270   219   161   256   224   
     86    145   140   140   269   218   160   255   224   
     86    145   140   140   269   218   160   255   224   

bg   68    100   111   97    153   148   141   214   195   
     68    100   111   97    154   148   141   214   195   
     68    100   111   97    154   148   141   214   195   
     68    100   111   97    154   148   141   214   195   

B3   72    123   144   104   210   234   146   240   235   
     72    123   145   104   211   234   146   241   235   
     72    123   145   104   211   234   146   240   235   
     72    123   145   104   211   234   146   240   235   

bg   68    100   111   97    154   148   141   214   196   
     68    100   111   97    154   148   141   214   196   
     68    100   111   97    154   148   141   214   195   
     68    100   111   97    154   148   141   214   195   

C1   71    103   113   129   184   158   222   290   215   
     71    103   112   129   184   158   221   289   215   
     71    103   112   129   183   158   221   289   215   
     71    103   112   129   183   158   221   289   215   

bg   68    100   111   97    153   147   141   214   195   
     68    100   111   97    153   147   141   214   195   
     68    100   111   97    153   148   141   214   195   
     68    100   111   97    154   148   141   214   196   

C2   70    104   114   117   199   180   192   338   268   
     70    103   114   117   199   180   192   337   268   
     70    103   114   117   199   180   192   337   268   
     70    103   114   117   199   180   192   337   267   

bg   68    100   111   97    154   148   142   214   195   
     68    100   111   97    154   148   142   214   196   
     68    100   111   97    154   148   142   215   196   
     68    100   111   97    154   148   142   215   196   

C3   69    102   115   100   176   183   148   268   282   
     69    102   114   100   176   183   147   268   281   
     69    102   114   100   176   183   147   268   281   
     69    102   114   100   176   182   147   267   281   

bg   68    100   111   97    154   148   141   214   195   
     68    100   111   97    154   148   142   214   195   
     68    100   111   97    154   148   142   214   195   
     68    100   111   97    154   148   142   215   196   


