Trial #1-------------------------

     A1    A2    A3    B1    B2    B3    C1    C2    C3    

A1   155   176   119   126   160   119   138   201   177   
     155   176   119   126   160   119   138   201   177   
     155   176   119   126   160   119   138   201   177   
     155   176   119   126   160   119   139   202   177   

bg   80    105   100   95    130   111   135   198   175   
     80    105   100   95    130   111   135   198   175   
     80    105   101   95    130   111   135   199   176   
     81    105   101   95    130   111   135   199   176   

A2   127   218   170   115   176   137   138   203   179   
     127   218   170   115   177   137   138   203   179   
     127   218   170   115   177   137   138   203   179   
     127   218   170   115   177   137   138   203   179   

bg   81    105   101   95    130   111   135   199   176   
     81    105   101   95    130   111   135   199   176   
     80    105   101   95    130   111   135   199   175   
     80    105   101   95    130   111   135   199   175   

A3   87    156   184   98    151   139   136   201   179   
     87    156   184   99    151   139   136   201   179   
     87    156   184   98    151   139   136   201   179   
     87    156   184   98    151   139   136   201   179   

bg   81    106   101   96    131   112   136   200   177   
     81    106   101   96    131   112   136   200   177   
     81    106   101   96    131   112   136   200   177   
     80    105   101   95    130   111   135   198   176   

B1   109   133   107   168   195   125   166   226   181   
     109   132   107   168   194   125   165   225   181   
     109   132   107   168   194   125   165   225   180   
     109   132   107   167   194   125   165   225   180   

bg   79    103   99    93    128   109   132   195   172   
     79    103   99    93    128   109   132   195   172   
     79    103   99    93    128   109   132   195   172   
     79    103   99    94    128   109   133   195   172   

B2   99    147   124   136   234   155   151   232   193   
     99    147   124   137   234   155   151   232   193   
     99    147   124   136   233   155   151   233   193   
     99    147   124   136   233   155   151   231   192   

bg   78    102   98    93    127   109   132   194   171   
     78    102   98    93    127   109   131   194   171   
     78    102   98    93    127   109   131   193   171   
     78    102   98    93    126   108   131   193   171   

B3   81    121   126   98    162   165   135   211   200   
     81    120   125   98    162   165   134   210   199   
     81    120   125   98    162   165   134   210   199   
     81    120   125   98    161   164   134   210   198   

bg   77    101   96    91    125   107   129   190   168   
     77    101   96    91    124   107   129   190   168   
     77    101   96    91    124   107   129   190   168   
     77    101   96    91    124   107   129   190   168   

C1   80    104   98    123   154   116   209   266   188   
     80    104   98    123   154   116   209   266   188   
     80    104   98    123   154   116   209   266   188   
     80    104   98    124   154   116   209   266   188   

bg   77    100   96    91    124   106   129   189   167   
     77    100   96    91    124   106   129   189   167   
     77    100   96    91    124   106   129   189   167   
     77    100   96    91    124   106   129   190   167   

C2   80    105   99    111   167   133   180   313   239   
     80    105   99    111   167   133   181   314   240   
     80    105   100   112   168   134   181   314   240   
     80    106   100   112   168   134   181   315   241   

bg   79    103   99    93    127   109   132   194   172   
     79    103   99    94    128   110   132   195   173   
     79    104   99    94    128   110   133   196   173   
     79    104   99    94    128   110   133   196   173   

C3   81    107   103   98    145   137   140   249   257   
     82    107   103   98    146   138   141   249   257   
     82    107   103   98    146   138   141   250   258   
     82    107   103   98    146   138   141   250   258   

bg   81    105   101   96    130   112   135   199   176   
     81    106   101   96    131   112   135   200   177   
     81    106   102   96    131   113   136   200   177   
     81    106   102   96    132   113   136   201   178   


Trial #2-------------------------

     A1    A2    A3    B1    B2    B3    C1    C2    C3    

A1   158   179   122   129   164   122   142   207   182   
     158   179   121   128   163   121   141   205   180   
     157   178   121   128   162   121   141   205   179   
     157   177   120   127   162   121   141   204   179   

bg   82    107   102   97    132   113   137   201   178   
     82    107   102   97    132   113   137   202   178   
     82    107   102   97    132   113   137   202   179   
     82    107   102   97    132   114   137   202   179   

A2   129   221   172   117   180   140   141   207   183   
     129   221   172   117   180   140   141   208   183   
     129   221   172   117   180   140   141   208   183   
     129   221   172   118   180   140   141   208   183   

bg   82    107   103   97    133   114   138   203   179   
     82    107   102   97    132   113   137   202   179   
     82    107   102   97    132   113   137   202   178   
     82    107   102   97    132   113   137   201   178   

A3   88    157   185   99    152   140   137   202   180   
     88    157   185   99    152   140   137   202   180   
     88    157   185   99    152   140   137   202   180   
     88    157   185   99    152   140   137   203   180   

bg   81    106   101   96    131   112   136   200   177   
     81    106   101   96    131   112   136   200   177   
     81    106   101   96    131   112   136   200   177   
     81    106   101   96    131   112   136   200   177   

B1   111   135   110   171   198   129   169   231   186   
     112   136   110   171   199   130   170   232   187   
     112   137   111   171   200   130   170   233   188   
     113   137   111   172   200   131   171   234   189   

bg   81    107   102   97    132   113   137   201   178   
     81    106   102   96    131   113   136   201   177   
     81    106   101   96    131   112   136   200   177   
     81    106   101   96    131   112   136   200   177   

B2   101   150   128   139   238   159   155   239   198   
     101   150   128   139   238   159   155   238   198   
     101   150   127   139   237   159   155   238   198   
     101   150   127   139   237   159   155   238   198   

bg   81    106   101   96    131   112   136   200   177   
     81    106   101   96    131   112   136   200   177   
     81    106   101   96    131   112   136   200   177   
     81    106   101   96    131   112   136   200   177   

B3   84    124   129   102   167   169   140   218   206   
     84    125   129   102   167   170   140   218   206   
     84    125   130   102   167   170   140   219   206   
     85    125   130   102   168   170   140   219   207   

bg   82    107   103   97    133   114   138   203   179   
     82    107   102   97    132   113   137   202   179   
     81    107   102   97    132   113   137   202   179   
     81    106   102   96    132   113   136   201   178   

C1   84    109   103   128   161   122   216   276   197   
     84    109   103   128   160   122   216   275   196   
     84    109   103   128   160   122   215   275   196   
     84    109   103   128   160   122   215   275   196   

bg   81    106   102   96    131   113   137   201   177   
     81    107   102   97    132   113   137   202   178   
     81    106   102   96    132   113   137   201   178   
     81    106   102   96    131   112   136   201   177   

C2   82    109   103   114   172   137   185   321   246   
     82    109   103   114   172   137   185   320   246   
     82    108   103   114   172   137   185   320   245   
     82    108   103   114   172   137   185   320   245   

bg   80    105   101   95    130   111   135   198   175   
     80    105   101   95    130   111   135   199   175   
     80    105   101   95    130   111   135   199   175   
     80    105   101   95    130   111   135   199   175   

C3   82    107   103   98    147   139   141   251   259   
     82    108   104   99    147   139   142   252   260   
     83    108   105   99    148   140   143   253   260   
     83    110   106   100   149   141   144   255   263   

bg   83    108   104   98    134   115   139   205   181   
     82    108   103   98    133   114   138   204   180   
     82    107   103   97    133   114   138   203   179   
     82    107   103   97    133   114   138   203   179   


Trial #3-------------------------

     A1    A2    A3    B1    B2    B3    C1    C2    C3    

A1   158   179   122   129   164   122   142   207   181   
     158   179   122   129   164   123   143   207   182   
     158   179   122   129   164   123   143   208   182   
     158   179   122   129   164   123   143   208   183   

bg   83    108   104   98    134   115   139   205   181   
     83    109   104   98    134   115   139   205   182   
     83    109   104   98    134   115   139   206   182   
     83    109   104   99    135   116   140   206   182   

A2   131   223   174   119   182   142   144   211   186   
     130   223   174   119   182   141   143   211   185   
     130   222   174   119   182   142   143   211   185   
     130   223   174   119   182   142   143   211   185   

bg   84    110   105   99    136   116   141   207   183   
     84    110   105   99    136   116   141   207   183   
     84    110   105   99    136   116   141   207   183   
     84    110   105   99    136   117   141   208   184   

A3   91    161   189   103   157   144   143   210   187   
     91    161   189   103   157   144   143   210   187   
     91    161   189   103   157   144   142   210   187   
     91    161   188   103   157   144   142   210   186   

bg   84    110   106   100   136   117   142   208   184   
     84    110   106   100   136   117   142   208   184   
     84    110   106   100   136   117   142   209   184   
     84    110   106   100   136   117   141   208   184   

B1   114   139   113   174   203   133   174   238   193   
     114   139   113   174   202   133   174   238   192   
     114   139   113   173   202   132   174   238   192   
     114   139   113   173   202   132   173   238   192   

bg   84    109   105   99    135   116   140   207   182   
     83    109   104   99    135   116   140   206   182   
     83    109   104   99    135   116   140   206   182   
     83    109   104   99    135   116   140   206   182   

B2   103   153   130   142   241   161   158   243   203   
     103   153   130   141   241   161   158   243   203   
     103   153   130   141   241   161   158   243   203   
     103   153   130   142   241   161   158   243   203   

bg   83    108   104   98    134   115   139   205   181   
     83    108   104   98    134   115   139   205   181   
     83    108   104   98    134   115   139   205   181   
     83    108   104   98    134   115   139   205   181   

B3   86    127   132   104   171   173   143   224   211   
     87    127   132   104   171   173   143   224   211   
     87    128   132   104   171   173   143   224   211   
     87    128   133   105   171   173   144   224   211   

bg   83    109   104   99    135   116   140   206   182   
     83    109   104   99    135   116   140   206   182   
     84    109   105   99    135   116   140   207   183   
     84    109   105   99    135   116   140   207   183   

C1   87    113   106   132   165   125   221   282   202   
     87    113   107   132   165   126   221   282   203   
     87    113   106   131   165   126   221   282   202   
     87    113   106   132   165   126   220   282   203   

bg   84    110   105   99    136   116   141   207   183   
     84    110   105   99    136   116   141   207   183   
     84    110   105   99    136   116   141   207   183   
     84    110   105   100   136   117   141   208   184   

C2   87    114   108   120   179   143   192   331   255   
     87    114   108   120   179   143   192   331   255   
     87    114   108   120   179   143   193   331   255   
     87    114   108   120   179   143   193   331   254   

bg   84    110   105   100   136   117   141   208   184   
     84    110   105   100   136   116   141   208   184   
     84    110   105   100   136   116   141   208   183   
     84    110   105   99    136   116   141   208   183   

C3   85    112   107   102   152   143   146   259   266   
     85    112   108   102   152   143   147   259   266   
     85    112   108   102   152   143   147   259   266   
     85    112   108   102   152   143   147   259   266   

bg   84    110   105   100   136   117   141   208   184   
     84    110   105   100   136   117   142   208   184   
     85    110   106   100   137   117   142   209   184   
     85    111   106   100   137   117   142   209   185   


Trial #4-------------------------

     A1    A2    A3    B1    B2    B3    C1    C2    C3    

A1   161   182   124   131   167   125   146   212   186   
     160   182   124   131   167   125   145   212   186   
     160   181   124   130   166   125   145   211   185   
     159   181   124   130   166   125   145   211   185   

bg   83    109   105   99    135   116   140   206   182   
     83    109   104   99    135   115   140   206   182   
     83    109   104   99    134   115   140   206   182   
     83    109   104   99    135   116   140   206   182   

A2   130   222   174   119   182   142   144   212   186   
     131   222   174   119   182   142   144   212   187   
     131   223   174   119   182   142   144   212   187   
     131   223   174   120   183   143   145   213   187   

bg   84    109   105   99    135   116   140   206   183   
     84    109   105   99    135   116   140   207   183   
     84    109   105   99    135   116   140   206   182   
     83    109   104   99    135   115   140   206   182   

A3   90    160   188   102   156   143   141   209   185   
     90    160   188   102   156   143   142   209   185   
     90    160   188   102   156   143   142   209   185   
     90    160   188   102   156   143   141   209   185   

bg   83    109   104   99    135   116   140   206   182   
     83    109   105   99    135   116   140   206   182   
     84    109   105   99    135   116   140   207   183   
     84    109   105   99    135   116   140   207   183   

B1   113   138   112   173   201   131   173   236   191   
     114   138   112   173   201   132   173   236   191   
     114   138   112   173   201   132   173   236   191   
     114   138   112   173   201   132   173   236   191   

bg   84    109   105   99    135   116   140   207   183   
     84    109   105   99    135   116   140   207   183   
     83    109   104   99    135   116   140   206   182   
     83    109   104   99    135   116   140   206   182   

B2   104   154   131   142   242   162   159   245   204   
     104   154   131   142   242   162   159   245   204   
     104   154   131   142   242   162   159   245   204   
     104   154   131   142   242   162   160   245   205   

bg   84    110   105   100   136   117   141   208   183   
     84    110   105   100   136   116   141   208   183   
     84    110   105   100   136   116   141   208   183   
     84    110   105   100   136   117   141   208   183   

B3   87    129   134   106   172   174   145   226   213   
     88    129   134   106   172   174   145   226   213   
     88    129   134   106   172   174   145   226   213   
     88    129   134   106   172   174   145   226   213   

bg   84    110   105   100   136   117   141   208   184   
     84    110   105   100   136   117   141   208   184   
     84    110   105   100   136   117   141   208   184   
     84    110   105   100   136   117   141   208   184   

C1   88    114   107   132   166   127   222   284   204   
     88    114   107   132   166   127   222   284   204   
     88    114   107   132   166   127   221   284   204   
     88    114   107   132   166   127   221   284   204   

bg   84    110   106   100   136   117   141   208   184   
     84    110   106   100   136   117   141   208   184   
     84    110   106   100   136   117   141   208   184   
     84    110   105   100   136   117   141   208   184   

C2   86    113   107   119   178   142   192   330   254   
     86    113   107   119   178   142   192   330   254   
     86    113   107   119   178   142   192   330   253   
     86    113   107   119   178   142   191   329   253   

bg   84    109   105   99    135   116   140   207   183   
     83    109   105   99    135   116   140   206   182   
     83    109   104   99    135   116   140   206   182   
     83    109   104   99    135   116   140   206   182   

C3   85    111   107   102   151   142   146   257   264   
     85    111   107   102   151   142   146   257   264   
     85    111   107   102   151   142   146   257   264   
     84    111   107   102   151   142   146   257   263   

bg   83    109   104   99    135   116   140   206   182   
     83    109   104   99    135   116   140   206   182   
     84    109   105   99    135   116   140   207   183   
     84    110   105   99    135   116   140   207   183   


