Trial #1-------------------------

     A1    A2    A3    B1    B2    B3    C1    C2    C3    

A1   113   123   70    74    94    73    69    102   91    
     114   123   70    74    94    73    69    102   91    
     114   123   70    74    94    73    69    102   91    
     114   122   70    74    94    73    69    102   91    

bg   39    53    52    44    67    66    66    99    89    
     39    53    53    44    68    66    66    99    90    
     39    53    53    44    68    66    66    100   90    
     39    53    53    44    68    66    66    100   90    

A2   84    164   122   62    108   94    68    104   94    
     84    164   122   62    109   94    68    104   94    
     84    164   122   62    109   94    69    104   94    
     84    164   121   62    109   94    69    105   94    

bg   40    54    54    45    69    67    67    101   91    
     40    54    54    45    69    67    67    102   91    
     40    54    54    45    69    67    68    102   92    
     40    55    54    46    70    68    68    103   93    

A3   47    107   139   49    93    100   70    106   98    
     47    107   140   49    93    100   70    107   98    
     47    106   140   49    93    100   70    107   98    
     47    106   140   49    93    100   70    107   98    

bg   41    56    56    46    71    70    69    105   95    
     41    56    56    47    71    70    69    105   95    
     41    56    56    47    72    70    70    106   95    
     41    56    56    47    72    70    70    106   95    

B1   70    82    62    117   127   84    102   134   103   
     69    82    62    117   127   84    101   134   103   
     69    82    62    117   127   84    101   134   103   
     69    82    62    116   126   84    101   134   103   

bg   40    56    56    46    71    70    69    105   95    
     40    56    55    46    71    69    69    104   95    
     40    55    55    46    71    69    68    104   94    
     40    55    55    46    70    69    68    104   94    

B2   56    93    80    80    160   131   84    141   119   
     56    93    80    80    159   130   84    140   118   
     56    93    80    80    159   130   84    139   117   
     56    92    79    80    159   130   84    139   117   

bg   39    53    53    44    68    66    66    100   90    
     38    53    53    44    67    66    65    99    90    
     38    53    52    44    67    66    65    99    90    
     38    52    52    43    67    65    65    98    89    

B3   41    73    84    47    117   148   68    121   126   
     40    73    83    47    117   147   67    121   125   
     40    73    83    47    117   147   67    121   125   
     40    73    83    47    116   146   67    121   124   

bg   37    51    51    43    65    63    63    96    86    
     37    51    50    42    65    63    63    95    86    
     37    51    50    42    65    63    63    95    86    
     37    51    50    42    65    63    63    95    86    

C1   40    54    52    74    93    73    142   170   106   
     40    54    52    74    93    73    142   170   106   
     40    54    52    74    93    73    142   170   105   
     40    54    52    74    93    73    142   170   105   

bg   37    50    50    42    64    62    63    94    85    
     37    50    50    42    64    62    63    95    85    
     37    50    50    42    64    62    63    95    85    
     37    50    50    42    64    63    63    95    85    

C2   39    54    53    61    107   94    113   217   158   
     39    54    53    61    106   94    113   217   158   
     39    54    53    61    106   94    113   217   158   
     39    54    53    61    106   94    113   217   158   

bg   37    51    50    42    64    63    63    95    85    
     37    51    50    42    64    63    63    95    85    
     37    51    50    42    64    62    63    95    85    
     37    51    50    42    64    62    63    95    85    

C3   38    53    53    45    86    97    69    148   170   
     38    53    53    45    86    97    69    148   170   
     38    53    54    45    86    97    69    148   171   
     39    54    54    45    87    98    69    149   172   

bg   37    51    51    43    65    64    63    96    87    
     37    51    51    43    65    64    63    96    87    
     37    51    51    43    65    64    64    96    87    
     37    51    51    43    65    64    64    96    87    


Trial #2-------------------------

     A1    A2    A3    B1    B2    B3    C1    C2    C3    

A1   114   122   69    73    93    72    68    100   89    
     113   122   69    73    93    72    68    100   89    
     113   122   69    73    93    72    68    100   89    
     113   121   69    73    93    72    68    100   89    

bg   38    52    52    43    66    65    64    97    88    
     38    52    52    43    66    65    64    98    88    
     38    52    52    43    66    65    64    98    89    
     38    52    52    44    67    65    65    98    89    

A2   84    164   121   62    108   93    68    103   93    
     84    164   121   62    109   93    69    104   93    
     85    164   121   62    109   94    69    104   94    
     85    165   122   63    110   94    70    106   95    

bg   40    55    55    46    71    69    69    104   94    
     41    56    55    47    71    69    69    105   95    
     41    56    56    47    72    70    70    106   95    
     41    57    56    47    72    71    70    106   96    

A3   49    109   142   51    96    103   73    111   102   
     49    109   143   51    96    103   73    112   103   
     49    110   143   52    97    104   74    113   103   
     50    110   143   53    98    105   75    114   104   

bg   45    61    61    51    78    76    76    116   104   
     45    62    61    52    79    77    77    117   105   
     46    63    62    52    80    78    78    118   106   
     46    63    63    53    81    79    79    120   108   

B1   76    91    71    124   139   95    112   152   119   
     76    92    72    125   140   96    113   153   121   
     77    93    74    126   141   98    114   155   122   
     78    94    75    127   142   100   116   157   124   

bg   52    72    71    60    91    90    89    135   122   
     53    73    73    61    94    91    90    137   125   
     54    75    74    63    95    93    93    141   127   
     55    76    75    64    97    95    95    144   129   

B2   76    120   107   104   195   165   119   193   165   
     78    122   109   105   197   167   121   196   169   
     79    125   111   106   199   170   123   199   173   
     80    126   113   107   201   172   124   201   175   

bg   64    88    88    74    112   110   109   167   151   
     64    89    88    74    113   111   110   168   152   
     65    89    89    75    114   112   111   169   153   
     66    91    90    76    115   112   113   171   154   

B3   70    114   124   82    169   198   119   200   195   
     71    115   125   83    170   199   120   201   197   
     72    116   125   83    171   200   121   203   198   
     72    116   126   84    171   201   121   203   199   

bg   70    95    95    80    122   120   119   181   164   
     70    96    95    80    122   120   119   181   165   
     70    96    95    80    122   120   119   182   165   
     70    96    95    80    122   120   119   181   164   

C1   73    99    97    113   152   130   201   258   184   
     73    100   97    113   152   130   201   258   184   
     73    100   97    113   152   130   201   258   184   
     74    100   97    113   152   130   201   259   184   

bg   71    97    96    81    124   121   121   184   166   
     71    97    97    81    124   121   121   184   167   
     71    98    97    82    124   122   121   185   167   
     71    98    97    82    125   122   121   185   168   

C2   74    102   101   101   169   155   173   311   242   
     75    104   102   102   170   156   175   312   243   
     75    104   103   103   171   157   176   313   244   
     76    104   102   103   171   156   176   313   243   

bg   74    101   100   85    129   126   126   191   172   
     74    102   101   85    130   126   127   192   173   
     74    102   101   86    130   127   127   193   174   
     75    102   101   86    130   127   127   193   174   

C3   76    105   105   89    152   162   133   247   261   
     76    105   105   88    152   162   133   247   261   
     76    105   105   88    152   162   133   247   261   
     76    105   105   88    152   162   133   247   261   

bg   75    103   103   87    132   129   129   196   177   
     76    104   103   87    132   129   130   197   177   
     76    104   103   87    133   129   130   197   177   
     76    104   103   87    133   129   130   197   178   


Trial #3-------------------------

     A1    A2    A3    B1    B2    B3    C1    C2    C3    

A1   151   174   121   117   160   137   134   200   179   
     150   174   121   117   160   138   133   200   180   
     150   174   121   117   160   138   133   200   180   
     150   173   121   116   159   138   133   200   180   

bg   76    104   103   87    133   130   129   197   178   
     76    104   104   87    133   130   130   197   179   
     76    104   104   87    133   130   130   198   179   
     76    105   104   88    134   130   130   198   179   

A2   122   215   172   106   175   159   134   204   183   
     122   216   173   106   176   159   135   205   184   
     123   216   173   107   176   160   136   206   185   
     123   217   174   107   177   161   137   207   187   

bg   80    110   109   92    140   137   136   208   189   
     80    110   109   92    140   137   136   208   188   
     79    109   108   91    138   136   135   206   187   
     78    108   107   90    138   135   134   204   185   

A3   85    159   190   93    160   165   136   207   188   
     85    159   190   93    160   164   136   207   188   
     86    159   190   94    160   165   136   207   188   
     86    159   190   94    161   165   137   208   189   

bg   79    108   107   90    137   135   135   205   185   
     78    107   106   90    136   134   133   203   184   
     78    107   106   89    136   133   133   202   183   
     77    106   106   89    136   133   132   202   183   

B1   105   132   112   159   190   146   163   229   190   
     105   131   112   159   190   146   163   229   189   
     105   131   111   159   190   145   163   229   189   
     105   131   111   159   190   145   163   228   188   

bg   77    105   104   88    134   131   132   199   180   
     77    105   104   88    134   131   131   199   180   
     77    105   104   88    134   131   131   199   179   
     76    105   104   88    134   131   131   199   180   

B2   93    144   130   123   224   194   147   237   207   
     93    144   130   123   224   194   147   237   207   
     93    144   130   123   224   194   147   237   207   
     93    144   131   123   224   194   147   237   207   

bg   77    105   105   88    134   131   132   200   180   
     77    106   105   89    135   131   132   200   180   
     77    106   105   89    135   131   132   200   180   
     77    106   105   89    135   131   132   200   180   

B3   80    127   137   93    186   216   136   225   219   
     80    127   138   93    186   216   136   225   220   
     80    128   138   93    186   216   136   226   220   
     80    128   138   93    186   217   136   226   221   

bg   78    107   106   89    136   133   133   202   183   
     78    107   106   90    136   133   133   203   183   
     78    107   106   90    137   134   134   204   183   
     79    108   107   91    138   135   135   205   185   

C1   83    113   110   124   169   146   217   283   207   
     83    113   110   124   169   147   217   283   207   
     83    114   111   124   169   147   217   284   208   
     84    114   111   124   170   148   217   285   209   

bg   81    111   110   93    142   139   138   210   191   
     81    111   111   93    142   139   138   211   191   
     81    111   111   93    142   139   138   211   191   
     81    112   111   93    142   139   139   212   192   

C2   84    116   114   113   185   171   191   336   264   
     84    116   114   113   186   171   191   336   264   
     84    116   114   113   186   171   191   336   264   
     84    116   114   113   186   171   191   336   264   

bg   82    112   111   94    143   140   140   213   192   
     82    112   111   94    143   140   140   212   192   
     81    112   111   94    142   140   139   212   192   
     81    112   111   93    142   140   139   212   192   

C3   84    115   115   97    166   176   146   267   279   
     84    116   116   98    167   176   147   269   280   
     85    117   116   99    167   176   148   270   280   
     85    117   116   99    167   176   149   270   280   

bg   82    112   111   94    143   140   140   212   191   
     82    112   111   94    143   139   140   212   191   
     81    112   111   94    142   139   139   211   191   
     81    111   111   93    142   139   139   211   191   


Trial #4-------------------------

     A1    A2    A3    B1    B2    B3    C1    C2    C3    

A1   156   181   129   123   169   147   142   214   193   
     156   181   129   123   169   147   142   214   193   
     156   181   129   123   169   147   143   215   194   
     156   182   129   123   170   148   143   215   194   

bg   82    112   111   94    144   140   141   213   192   
     82    112   111   94    143   139   140   213   191   
     81    112   110   94    142   139   139   211   190   
     81    111   110   94    142   139   139   211   190   

A2   126   221   179   111   182   166   141   215   194   
     126   221   179   111   182   166   141   215   194   
     126   221   179   111   183   167   141   215   195   
     126   222   179   111   183   167   141   215   195   

bg   82    112   111   94    143   140   140   213   192   
     82    112   111   94    143   140   140   213   192   
     82    113   112   94    143   140   140   213   192   
     82    112   111   94    143   140   140   213   192   

A3   89    164   195   97    166   170   142   216   196   
     89    164   195   97    166   171   142   216   196   
     89    164   195   98    166   171   142   216   197   
     89    164   196   98    166   172   142   217   197   

bg   82    113   113   95    145   142   141   215   195   
     83    114   113   95    145   142   141   215   195   
     83    113   113   95    145   142   141   215   195   
     83    114   113   95    145   142   141   215   195   

B1   111   139   119   166   200   155   173   243   201   
     111   139   119   166   200   154   173   243   201   
     111   139   118   166   200   154   173   243   201   
     111   139   119   166   200   154   173   243   201   

bg   83    114   113   95    145   142   142   216   195   
     83    114   113   95    146   143   142   216   196   
     83    114   114   96    146   143   143   217   197   
     84    116   115   96    147   144   143   220   198   

B2   107   163   150   139   249   219   172   273   240   
     103   158   145   136   244   214   166   263   232   
     99    153   139   131   236   204   159   253   222   
     98    151   137   129   233   202   157   250   217   

bg   81    111   110   93    142   138   139   211   190   
     81    111   110   93    142   138   139   211   190   
     81    111   110   93    141   138   138   210   190   
     80    111   110   93    141   138   138   209   189   

B3   83    132   142   96    191   222   140   233   227   
     83    132   142   96    191   222   141   233   228   
     83    132   142   97    191   222   141   234   228   
     84    132   142   97    192   222   141   235   228   

bg   81    111   110   93    142   139   139   211   190   
     81    111   110   93    142   138   139   211   190   
     81    111   110   93    142   138   139   211   190   
     81    112   110   94    142   139   139   211   191   

C1   84    115   112   125   171   149   219   287   211   
     84    115   113   125   171   150   218   287   212   
     86    117   114   126   173   152   220   291   215   
     87    119   117   128   176   155   223   294   218   

bg   81    111   110   93    141   138   138   209   190   
     80    110   109   92    140   137   137   208   188   
     80    110   109   92    140   137   137   208   188   
     80    110   109   92    140   136   137   208   187   

C2   82    113   111   111   182   167   188   331   259   
     82    113   111   110   182   167   187   330   259   
     82    113   111   110   182   167   187   330   259   
     82    113   111   110   182   167   187   330   259   

bg   79    109   108   91    139   136   135   206   186   
     79    108   107   90    138   135   135   205   186   
     78    108   107   90    137   135   134   204   185   
     78    108   107   90    137   134   134   204   184   

C3   79    110   109   93    158   167   140   257   268   
     79    110   109   93    158   167   140   256   267   
     79    109   109   93    158   167   139   256   267   
     79    109   109   93    158   167   139   256   267   

bg   78    106   106   89    136   133   133   202   182   
     77    106   106   89    136   133   133   202   183   
     78    107   106   89    136   133   133   202   183   
     78    107   106   89    136   134   133   202   183   


