Trial #1-------------------------

     A1    A2    A3    B1    B2    B3    C1    C2    C3    

A1   132   151   118   118   169   143   133   199   180   
     131   150   118   117   169   143   132   198   181   
     130   150   118   117   168   143   132   198   181   
     130   150   118   116   168   143   131   198   181   

bg   67    96    103   88    141   135   127   194   178   
     67    96    102   88    140   134   127   193   177   
     67    96    102   88    140   134   127   193   176   
     67    96    101   88    140   133   127   193   175   

A2   100   190   167   105   183   161   130   197   178   
     100   190   167   105   183   161   130   196   178   
     100   190   167   105   183   161   130   196   178   
     100   190   167   105   183   161   129   196   179   

bg   68    96    103   88    141   135   127   194   178   
     68    96    103   88    141   136   127   195   179   
     67    96    103   88    141   135   127   194   178   
     67    96    102   88    140   135   127   194   178   

A3   73    146   185   91    162   164   128   195   179   
     73    146   184   91    162   163   128   195   179   
     73    146   184   91    162   163   128   194   178   
     73    146   184   91    162   163   128   194   178   

bg   67    95    101   87    139   133   126   192   175   
     67    95    101   87    139   133   126   192   175   
     67    95    102   87    139   134   126   192   176   
     67    96    102   87    140   135   126   193   177   

B1   97    124   112   163   209   155   162   227   190   
     97    125   112   163   209   155   162   227   189   
     97    124   111   163   208   153   161   226   187   
     97    124   110   163   208   152   161   225   187   

bg   69    97    103   90    142   135   129   196   178   
     69    98    104   90    142   136   130   197   179   
     69    98    104   90    143   136   130   197   179   
     69    98    104   90    143   136   129   197   180   

B2   88    144   135   133   261   210   149   241   212   
     88    144   135   133   261   210   149   241   212   
     89    144   135   134   261   210   150   241   212   
     89    145   136   134   262   211   150   242   213   

bg   71    100   106   92    146   140   133   202   184   
     71    101   107   93    147   140   134   203   185   
     71    101   107   93    148   140   134   204   185   
     71    101   107   93    148   141   135   204   185   

B3   75    125   142   100   206   229   140   232   228   
     76    126   143   100   206   230   140   233   229   
     76    126   143   101   207   231   140   233   230   
     76    126   144   101   207   232   140   234   231   

bg   73    104   111   95    152   145   137   209   192   
     73    104   111   95    152   145   137   209   191   
     73    104   110   95    152   145   137   209   191   
     73    104   110   96    152   145   138   209   191   

C1   76    107   112   129   182   155   220   286   210   
     76    107   112   128   182   155   219   285   210   
     76    107   111   128   181   155   218   284   210   
     75    106   111   127   181   155   217   284   210   

bg   72    102   109   94    150   144   135   207   190   
     72    102   109   94    150   144   135   207   190   
     72    102   109   94    150   144   135   207   189   
     72    102   109   93    149   143   135   206   188   

C2   74    106   111   113   194   174   186   329   259   
     74    106   111   114   194   174   186   329   259   
     74    106   111   114   194   173   186   328   258   
     74    106   111   113   194   174   186   328   258   

bg   72    102   109   94    149   143   135   206   188   
     72    102   109   94    150   144   136   207   189   
     72    102   109   94    150   144   135   207   190   
     71    102   109   94    149   144   135   206   189   

C3   72    104   112   96    170   177   140   258   273   
     73    104   111   96    170   177   140   258   273   
     73    104   111   96    170   176   141   258   272   
     73    104   111   97    171   176   141   258   271   

bg   72    102   108   94    149   142   136   206   187   
     72    102   108   94    149   142   136   206   187   
     72    102   108   94    149   142   135   206   188   
     72    102   109   94    149   143   135   206   188   


Trial #2-------------------------

     A1    A2    A3    B1    B2    B3    C1    C2    C3    

A1   135   156   124   122   176   151   139   210   191   
     134   156   124   122   177   151   139   210   192   
     134   156   124   122   177   151   139   210   192   
     135   156   124   123   177   152   140   211   192   

bg   73    104   110   95    151   144   137   209   190   
     73    104   110   95    151   144   137   209   189   
     73    104   110   95    151   144   138   209   189   
     73    104   110   95    151   144   138   209   190   

A2   105   197   175   112   195   172   140   213   194   
     105   196   175   112   195   173   140   213   194   
     105   196   175   111   194   173   139   213   195   
     105   196   175   111   194   172   139   212   195   

bg   73    103   110   95    151   144   136   208   191   
     73    103   110   95    151   144   137   208   190   
     73    103   110   95    151   144   137   208   190   
     73    103   110   95    151   144   138   209   190   

A3   79    154   193   98    174   175   139   211   194   
     79    154   193   98    174   175   138   211   193   
     78    153   193   98    173   175   138   210   193   
     78    153   194   97    173   175   137   210   194   

bg   72    103   109   94    150   144   135   207   190   
     72    102   109   94    150   144   135   207   190   
     72    102   109   94    150   144   135   207   190   
     72    102   109   94    150   144   136   207   189   

B1   101   130   116   169   217   160   169   237   197   
     101   130   116   169   217   160   169   237   197   
     101   130   116   169   217   160   169   237   196   
     101   130   116   169   216   160   169   237   196   

bg   72    102   108   93    149   143   135   206   188   
     71    102   108   93    149   142   135   205   188   
     71    102   108   93    148   142   134   205   188   
     71    101   108   93    148   142   134   205   188   

B2   91    147   138   137   266   214   154   248   217   
     91    148   138   137   266   214   155   248   217   
     91    148   138   137   266   214   155   248   217   
     92    148   138   138   266   214   155   249   217   

bg   73    103   109   95    151   144   137   208   189   
     73    103   110   95    151   144   137   208   189   
     73    103   110   95    151   144   137   208   190   
     72    103   109   94    150   143   136   207   189   

B3   75    125   143   100   206   231   139   232   229   
     75    125   143   100   206   231   139   232   229   
     75    125   143   100   206   230   140   232   229   
     75    125   143   100   206   230   140   232   228   

bg   72    102   108   94    149   142   136   206   187   
     72    102   108   94    149   142   136   206   187   
     72    102   108   94    149   142   136   206   187   
     72    102   108   94    149   142   135   206   187   

C1   74    105   110   126   179   153   215   281   207   
     74    105   110   125   179   153   214   281   208   
     74    105   110   125   179   153   213   281   208   
     74    105   110   125   178   153   213   280   208   

bg   71    101   108   93    148   142   134   204   187   
     71    101   108   93    148   141   134   204   186   
     71    101   107   93    148   141   134   204   186   
     71    101   108   93    148   141   135   204   186   

C2   74    105   111   113   193   173   186   328   258   
     74    105   111   113   193   174   186   328   259   
     73    105   111   113   193   173   185   327   258   
     73    105   111   113   193   174   185   328   259   

bg   71    101   108   92    148   142   133   204   187   
     71    101   108   92    147   142   133   204   187   
     71    101   108   93    148   142   134   204   187   
     71    101   108   93    148   142   134   205   187   

C3   73    104   111   97    170   176   141   258   271   
     73    104   111   97    171   176   141   259   271   
     73    104   112   97    171   176   142   259   271   
     73    105   112   97    171   177   142   260   272   

bg   72    102   109   94    150   143   136   207   189   
     72    102   109   94    150   144   135   207   189   
     72    102   109   94    150   144   135   206   189   
     72    102   109   94    149   144   135   206   189   


Trial #3-------------------------

     A1    A2    A3    B1    B2    B3    C1    C2    C3    

A1   135   156   124   123   177   151   140   210   191   
     135   156   124   123   177   151   140   210   191   
     135   156   124   123   177   150   140   210   190   
     135   156   123   123   177   150   140   210   190   

bg   72    103   109   94    150   143   136   207   188   
     72    103   109   94    150   143   136   207   188   
     72    102   109   94    150   143   136   207   189   
     72    102   109   94    150   143   135   207   189   

A2   105   195   175   111   193   172   138   211   194   
     105   196   175   111   194   172   138   212   194   
     105   196   175   111   194   172   139   212   193   
     105   196   175   111   194   172   139   212   193   

bg   73    103   109   95    151   144   137   208   189   
     73    103   110   95    151   144   137   208   189   
     73    103   109   95    151   143   137   208   189   
     73    103   109   95    150   143   137   208   189   

A3   78    153   194   97    173   175   137   210   194   
     78    153   194   97    173   175   137   210   194   
     78    153   194   97    172   175   137   209   194   
     78    152   193   97    172   175   136   209   193   

bg   72    102   109   94    149   143   135   206   188   
     72    102   109   94    149   143   136   206   188   
     72    102   109   94    149   143   136   206   188   
     72    102   109   94    149   142   136   206   187   

B1   101   130   116   169   216   160   169   237   197   
     101   130   116   168   216   160   169   237   197   
     100   130   116   168   216   160   168   237   197   
     100   129   116   167   216   160   168   236   198   

bg   72    102   109   93    149   143   135   206   189   
     72    102   109   93    149   143   135   206   188   
     72    102   109   93    149   143   135   206   188   
     72    102   109   94    149   142   135   206   188   

B2   91    147   138   137   265   213   155   248   216   
     91    148   138   137   265   213   155   248   216   
     91    148   138   137   265   213   155   248   216   
     91    147   138   137   265   213   155   247   216   

bg   71    102   108   93    149   142   134   205   188   
     71    101   108   93    148   142   134   205   188   
     71    101   108   93    148   142   134   205   188   
     71    101   108   93    148   142   134   204   187   

B3   75    124   141   99    205   228   139   230   226   
     75    124   141   100   204   227   139   230   225   
     75    125   141   100   204   227   139   230   225   
     75    125   141   100   204   226   139   230   225   

bg   72    102   108   94    149   142   135   205   187   
     71    101   108   93    148   141   134   204   186   
     71    101   107   93    148   141   134   204   186   
     71    101   108   93    148   142   134   204   187   

C1   74    104   109   124   177   152   213   279   206   
     73    104   109   124   177   151   212   278   206   
     73    104   109   124   177   151   213   278   205   
     73    103   108   124   177   150   213   278   204   

bg   70    100   106   92    146   139   133   202   183   
     70    100   106   92    146   139   133   202   183   
     70    100   106   92    146   139   133   202   183   
     70    100   106   92    146   139   133   201   183   

C2   72    103   109   111   191   172   183   325   257   
     72    103   109   111   191   172   183   325   257   
     72    103   109   111   191   172   182   324   257   
     72    103   109   111   191   172   182   324   257   

bg   70    100   106   92    146   139   132   201   184   
     70    100   106   92    146   139   132   201   184   
     70    100   106   92    146   139   133   202   183   
     70    100   106   92    146   139   133   202   184   

C3   72    103   110   95    169   175   139   256   270   
     72    103   110   95    169   175   139   256   270   
     72    103   110   95    169   176   139   257   271   
     72    103   111   95    169   176   139   256   272   

bg   71    101   107   92    147   141   133   203   186   
     71    101   107   92    147   141   133   203   186   
     71    101   107   93    148   141   134   204   186   
     71    101   108   93    148   142   134   205   187   


Trial #4-------------------------

     A1    A2    A3    B1    B2    B3    C1    C2    C3    

A1   135   155   123   122   176   149   139   209   189   
     135   155   123   122   176   149   139   209   188   
     135   155   123   122   176   149   139   209   189   
     134   155   123   122   176   150   139   209   189   

bg   72    103   109   94    150   144   136   207   190   
     72    103   110   94    150   144   136   207   190   
     72    103   110   94    151   144   136   208   190   
     73    103   110   94    151   145   136   208   191   

A2   106   197   176   112   195   173   140   213   194   
     106   197   175   112   195   173   141   214   194   
     106   198   175   113   196   173   141   214   194   
     106   198   175   113   196   173   141   214   194   

bg   73    104   111   96    152   145   138   210   191   
     73    104   111   96    152   145   138   210   192   
     73    104   111   96    152   146   138   210   192   
     73    104   111   95    152   146   138   210   192   

A3   79    154   196   98    175   177   139   213   197   
     79    154   195   98    175   177   139   213   196   
     79    154   195   98    175   176   139   212   196   
     79    154   194   98    175   176   139   212   195   

bg   73    103   110   95    151   144   137   208   190   
     73    103   109   95    151   144   137   208   189   
     73    103   109   95    150   143   137   208   189   
     72    103   109   94    150   143   136   207   189   

B1   100   129   117   167   216   160   167   236   198   
     100   129   117   166   215   160   167   236   198   
     100   129   116   166   215   160   167   236   198   
     100   129   116   166   215   160   167   235   197   

bg   72    102   108   94    149   142   135   206   188   
     72    102   108   94    149   142   135   206   187   
     72    102   108   94    149   142   136   206   187   
     72    102   108   94    149   142   136   206   187   

B2   91    147   137   136   265   213   154   246   215   
     91    147   138   136   264   213   153   246   216   
     91    147   138   136   264   213   153   246   216   
     91    147   138   136   264   213   153   246   216   

bg   71    102   108   93    149   143   134   205   188   
     71    102   108   93    149   143   135   206   188   
     72    102   109   94    149   143   135   206   188   
     72    102   109   94    149   143   136   206   188   

B3   76    126   142   101   207   229   141   234   228   
     76    127   143   101   207   229   141   234   228   
     76    127   143   102   208   230   142   234   229   
     76    127   143   102   208   230   142   235   230   

bg   73    104   110   95    151   145   137   209   191   
     73    103   110   95    151   145   137   209   191   
     73    104   110   95    151   145   137   209   192   
     73    104   111   95    152   146   137   209   192   

C1   76    107   112   127   181   154   217   284   210   
     76    106   111   127   181   154   217   284   209   
     75    106   111   127   180   154   217   283   209   
     75    106   111   127   180   154   217   283   208   

bg   72    102   108   94    149   142   135   206   187   
     71    102   108   93    148   142   135   205   187   
     71    101   108   93    148   142   134   205   187   
     71    101   108   93    148   142   134   204   187   

C2   73    105   110   112   193   174   184   328   259   
     73    105   110   112   193   174   185   328   259   
     73    105   110   112   193   173   185   327   258   
     73    105   110   113   193   173   185   327   258   

bg   71    101   107   93    147   141   134   204   185   
     71    101   107   93    148   141   134   204   186   
     72    102   108   94    149   143   135   206   187   
     72    102   109   94    149   143   135   206   188   

C3   72    104   112   96    171   177   140   258   274   
     72    104   111   96    170   177   140   258   273   
     72    104   111   96    170   177   140   257   273   
     72    103   111   96    169   176   139   257   272   

bg   71    101   108   93    148   141   134   204   186   
     72    102   108   93    148   142   135   205   187   
     72    102   108   94    149   142   135   205   187   
     72    102   108   94    149   142   136   206   187   


