Trial #1-------------------------

     A1    A2    A3    B1    B2    B3    C1    C2    C3    

A1   162   188   129   132   179   137   147   215   188   
     162   187   129   132   178   137   146   215   189   
     160   187   130   132   178   138   146   215   189   
     160   187   130   131   178   138   146   215   189   

bg   85    116   111   100   148   129   142   211   187   
     85    116   111   101   148   129   142   211   187   
     85    116   111   101   148   129   142   211   187   
     86    116   111   101   148   129   142   211   186   

A2   132   229   179   121   195   155   146   216   189   
     132   229   179   121   195   155   146   216   189   
     132   229   180   121   195   156   146   216   189   
     132   229   180   121   195   156   146   216   190   

bg   85    116   111   101   148   130   142   212   188   
     85    116   111   101   148   130   142   212   188   
     85    116   111   101   148   130   142   211   188   
     85    116   111   101   148   130   142   211   188   

A3   92    167   194   104   170   157   144   214   190   
     93    167   193   105   170   157   144   214   189   
     93    166   193   105   170   156   144   214   189   
     92    166   192   105   170   156   144   214   189   

bg   85    115   110   101   147   128   142   211   186   
     85    115   111   101   147   128   141   211   186   
     85    115   111   100   147   129   141   211   187   
     85    115   111   100   148   129   141   211   187   

B1   115   145   119   174   215   146   174   242   196   
     115   145   119   175   215   146   175   242   196   
     116   145   119   175   215   146   176   243   196   
     116   146   119   176   216   146   176   243   196   

bg   87    117   111   102   149   129   144   213   187   
     86    117   111   102   149   129   144   213   187   
     86    116   111   102   149   129   143   213   187   
     86    116   111   102   149   129   143   212   187   

B2   106   161   139   144   257   185   161   251   213   
     106   161   139   144   257   185   161   251   213   
     106   161   139   144   257   185   161   251   213   
     106   161   139   144   257   185   161   251   213   

bg   86    117   112   102   149   130   144   213   188   
     87    117   112   102   149   130   144   213   187   
     86    117   111   102   149   129   144   213   187   
     86    116   111   102   149   129   144   213   187   

B3   89    137   140   107   193   192   147   233   219   
     89    136   141   107   193   192   146   233   220   
     89    136   141   107   193   193   146   233   220   
     89    136   141   107   192   193   145   232   220   

bg   85    116   111   101   148   129   142   211   187   
     85    116   111   101   148   129   142   211   187   
     86    116   111   101   148   129   142   212   187   
     86    116   111   101   148   129   143   212   186   

C1   90    120   113   135   179   139   224   288   206   
     90    120   113   134   179   139   224   288   206   
     89    120   113   134   178   139   223   288   206   
     89    120   113   134   178   139   223   288   207   

bg   85    116   111   101   148   130   142   212   188   
     85    116   112   101   148   130   142   212   188   
     85    116   111   101   148   130   142   212   188   
     85    116   111   101   148   129   142   212   187   

C2   88    120   113   121   191   157   194   334   257   
     88    120   113   121   191   157   194   334   257   
     88    120   113   121   191   157   194   334   256   
     88    119   113   121   191   156   193   333   256   

bg   85    115   110   101   147   128   142   211   186   
     85    115   111   100   148   129   141   211   186   
     85    115   111   100   148   129   141   211   187   
     85    115   111   100   148   129   141   211   187   

C3   87    118   114   104   167   158   147   263   270   
     87    118   114   104   167   158   148   263   270   
     87    118   114   104   167   158   148   263   269   
     87    118   114   104   167   158   149   263   268   

bg   86    116   111   101   148   128   143   211   186   
     86    116   111   101   148   128   143   211   186   
     86    116   111   101   148   129   142   211   186   
     85    116   111   101   148   129   142   211   187   


Trial #2-------------------------

     A1    A2    A3    B1    B2    B3    C1    C2    C3    

A1   160   187   130   131   179   138   146   215   190   
     160   187   130   131   179   138   146   215   190   
     160   187   130   131   179   138   146   215   190   
     160   187   130   132   179   138   146   215   190   

bg   86    116   111   101   148   129   143   212   186   
     86    116   111   101   148   128   143   212   186   
     86    116   111   101   148   128   143   212   186   
     86    116   111   101   148   128   143   211   186   

A2   132   229   180   121   195   156   146   216   190   
     132   229   181   121   195   157   145   216   191   
     132   229   180   120   195   156   144   215   190   
     131   228   180   120   194   156   144   214   190   

bg   86    116   111   101   148   129   142   212   187   
     86    116   112   101   149   130   143   213   188   
     86    117   112   102   149   130   144   214   188   
     87    117   112   103   151   131   145   215   189   

A3   93    167   194   105   170   157   144   214   189   
     92    166   193   104   169   156   144   213   189   
     92    166   193   104   169   156   143   213   189   
     92    166   194   104   169   157   143   213   189   

bg   86    117   112   102   149   131   143   214   190   
     86    117   112   101   149   131   143   213   189   
     86    117   112   101   149   130   143   213   189   
     86    116   111   101   148   129   142   212   187   

B1   116   145   118   176   214   145   175   241   194   
     116   145   118   176   214   144   175   241   194   
     116   144   118   176   214   144   175   241   193   
     116   145   118   176   214   144   175   241   194   

bg   85    115   110   100   147   128   141   210   185   
     85    115   111   100   147   129   141   210   186   
     85    115   111   100   147   129   141   210   187   
     85    115   110   100   147   128   140   209   186   

B2   105   160   137   143   255   183   160   249   210   
     105   160   137   144   255   183   160   249   210   
     106   160   137   144   255   183   161   249   209   
     106   160   137   144   255   183   161   249   209   

bg   86    116   110   101   148   128   143   211   185   
     86    116   110   101   148   128   142   211   186   
     85    116   111   101   148   128   142   211   186   
     85    116   111   101   148   129   142   211   187   

B3   89    136   141   107   192   193   146   233   220   
     89    136   141   107   193   193   146   233   220   
     89    136   141   107   193   193   146   233   220   
     89    136   141   107   192   192   146   232   219   

bg   86    116   111   101   148   128   142   211   186   
     86    116   110   101   148   128   143   211   185   
     86    116   110   101   148   128   143   211   185   
     86    116   111   101   148   128   143   211   186   

C1   89    119   113   133   178   139   222   288   207   
     89    119   113   133   178   139   222   287   207   
     89    119   113   133   178   139   221   287   207   
     89    119   113   133   178   139   221   287   208   

bg   85    116   111   101   148   129   142   211   187   
     86    116   111   101   148   129   142   212   187   
     86    116   111   102   148   129   143   212   187   
     86    116   111   102   149   129   143   212   187   

C2   88    120   113   121   191   157   194   334   257   
     88    120   114   121   191   157   194   334   257   
     88    120   114   121   191   158   194   335   258   
     88    120   114   121   192   158   194   335   259   

bg   85    116   111   101   148   130   142   211   188   
     85    116   111   100   148   129   141   211   187   
     85    116   111   101   148   129   142   211   187   
     85    116   111   101   148   129   142   211   187   

C3   87    118   113   104   167   157   149   263   267   
     87    118   113   104   166   157   149   263   267   
     87    118   113   104   166   157   149   263   267   
     87    118   113   104   166   157   148   263   267   

bg   85    116   111   101   148   129   142   211   187   
     85    116   111   101   148   129   142   211   187   
     85    116   111   101   148   129   142   211   188   
     86    116   111   101   148   130   142   212   188   


Trial #3-------------------------

     A1    A2    A3    B1    B2    B3    C1    C2    C3    

A1   162   188   130   133   179   138   147   216   190   
     162   188   130   133   180   138   148   216   190   
     162   188   130   133   180   138   148   216   190   
     162   188   130   133   179   138   148   216   189   

bg   86    116   111   102   148   129   143   212   187   
     86    116   111   101   148   129   143   212   187   
     86    116   111   101   148   129   143   212   187   
     86    116   111   101   148   129   142   212   187   

A2   131   228   180   120   194   156   144   215   191   
     131   228   180   120   194   156   144   215   190   
     132   228   180   120   194   156   145   215   190   
     132   228   180   120   194   156   145   215   190   

bg   86    116   111   101   148   128   143   211   186   
     86    116   111   101   148   128   143   211   185   
     86    116   111   101   148   128   143   211   185   
     86    116   111   101   148   128   142   211   186   

A3   92    167   195   104   170   158   143   213   190   
     92    167   195   104   170   158   143   213   190   
     92    166   195   104   170   158   143   213   190   
     92    166   195   104   170   158   143   213   190   

bg   86    116   111   101   149   129   143   212   188   
     86    117   112   102   149   130   143   213   188   
     87    117   112   102   149   130   144   214   188   
     87    117   112   102   149   130   144   213   188   

B1   116   146   120   177   216   146   177   243   196   
     116   145   119   176   215   145   175   242   195   
     115   145   119   175   214   145   175   241   195   
     115   145   119   174   214   145   174   241   195   

bg   85    116   111   100   148   129   141   211   187   
     85    116   111   100   148   129   141   211   187   
     85    116   111   101   148   129   142   211   187   
     85    116   111   101   148   129   142   211   187   

B2   106   161   138   145   256   183   162   250   210   
     106   160   138   144   256   183   161   250   210   
     106   161   138   144   256   183   161   250   210   
     106   161   138   145   256   183   161   250   210   

bg   86    116   111   101   148   129   142   212   187   
     86    116   112   101   149   130   143   213   188   
     86    117   112   101   149   130   143   213   189   
     86    117   112   101   149   130   143   213   189   

B3   89    137   141   107   193   193   147   233   220   
     89    137   141   107   193   192   147   233   219   
     89    136   140   107   192   191   147   233   218   
     89    136   140   108   193   191   147   233   218   

bg   85    115   110   101   147   128   142   211   185   
     85    115   110   101   147   128   142   211   186   
     85    115   111   101   147   129   142   211   186   
     85    115   111   100   147   129   141   211   186   

C1   88    119   113   133   178   139   221   287   207   
     88    119   113   133   178   139   221   287   207   
     89    119   113   133   178   139   222   287   207   
     89    119   112   133   178   139   222   287   206   

bg   86    116   110   101   148   128   142   211   185   
     86    115   110   101   148   128   142   211   185   
     85    115   110   101   147   128   142   211   185   
     85    115   110   101   147   128   142   210   185   

C2   87    119   113   120   190   157   192   332   257   
     87    119   113   120   190   157   192   332   257   
     87    119   113   120   190   157   192   332   257   
     87    119   113   120   190   157   192   332   257   

bg   85    115   111   101   147   128   142   211   186   
     85    115   110   101   147   128   142   211   186   
     85    115   110   101   147   128   142   211   185   
     85    115   110   101   147   128   142   210   185   

C3   87    118   113   104   166   157   148   262   268   
     87    118   113   104   166   157   148   262   268   
     87    118   113   104   166   158   148   262   269   
     86    118   113   104   166   158   147   262   269   

bg   85    115   111   100   148   129   141   211   187   
     85    115   111   100   147   129   141   211   187   
     85    115   111   100   147   129   141   210   186   
     85    115   110   101   147   128   142   210   186   


Trial #4-------------------------

     A1    A2    A3    B1    B2    B3    C1    C2    C3    

A1   162   187   129   132   178   136   146   214   187   
     162   187   129   132   178   136   146   214   187   
     162   187   129   132   178   136   146   214   187   
     161   187   129   132   178   137   146   214   188   

bg   85    115   111   100   148   129   142   211   187   
     85    115   111   100   147   129   141   211   187   
     85    115   111   100   147   129   141   211   187   
     85    115   111   100   147   129   141   211   187   

A2   132   229   180   121   195   156   145   216   190   
     132   229   180   121   195   156   146   216   190   
     132   229   180   121   195   156   146   216   190   
     133   229   180   121   195   156   146   216   189   

bg   86    116   111   101   148   129   142   211   186   
     86    116   111   101   148   129   142   211   186   
     85    116   111   101   148   129   142   211   187   
     85    116   111   101   148   129   142   211   187   

A3   92    166   195   103   169   158   142   213   190   
     92    166   195   104   169   157   143   213   190   
     92    166   194   104   169   157   143   213   189   
     92    166   194   104   169   157   143   213   189   

bg   86    116   111   101   148   128   143   211   186   
     86    116   111   101   148   128   143   211   186   
     86    116   111   101   148   129   143   212   186   
     86    116   111   101   148   129   143   212   186   

B1   116   145   119   175   215   146   175   242   196   
     116   145   119   175   215   146   175   242   197   
     116   145   120   175   215   146   175   242   197   
     116   145   119   175   215   146   175   242   196   

bg   86    116   111   101   148   129   142   211   186   
     86    116   111   101   148   129   143   212   186   
     86    116   111   101   148   129   143   212   186   
     86    116   111   101   148   129   143   212   186   

B2   106   161   138   145   256   184   161   250   211   
     106   161   138   144   256   184   161   250   211   
     106   161   138   144   256   184   161   250   211   
     106   161   138   144   256   184   161   250   212   

bg   85    115   111   100   148   129   141   211   187   
     85    115   111   101   148   129   142   211   187   
     85    115   111   101   148   129   142   211   186   
     85    116   111   101   148   128   142   211   186   

B3   90    136   140   108   193   191   147   233   218   
     90    137   140   108   193   192   147   233   218   
     90    137   141   108   193   192   147   234   219   
     90    137   141   108   193   192   147   233   219   

bg   86    116   112   101   149   130   142   212   188   
     86    116   112   101   149   130   142   212   188   
     86    116   112   101   148   130   142   212   188   
     86    116   111   101   148   130   142   212   188   

C1   89    119   113   133   178   139   222   287   206   
     89    119   112   134   178   138   223   287   206   
     89    119   112   134   178   138   223   286   206   
     89    119   112   133   177   138   222   286   205   

bg   86    116   111   101   148   129   143   212   187   
     86    116   111   101   149   129   143   212   188   
     86    117   112   102   149   130   143   213   189   
     87    118   113   102   150   132   144   216   190   

C2   92    125   119   125   197   163   198   343   266   
     92    125   119   125   197   163   199   343   266   
     92    125   119   125   197   163   199   343   265   
     91    124   118   125   197   163   199   341   264   

bg   86    116   111   102   149   129   143   212   186   
     86    116   111   102   148   129   143   212   186   
     86    116   111   101   148   129   143   212   186   
     86    116   111   101   148   129   142   211   187   

C3   87    118   114   104   167   158   148   263   270   
     87    118   114   104   167   159   148   263   271   
     87    118   114   104   167   159   148   264   271   
     87    119   114   104   167   159   148   264   271   

bg   86    116   111   102   149   129   143   212   187   
     86    116   111   102   149   129   143   212   187   
     86    116   111   102   148   129   143   212   186   
     86    116   111   102   148   129   143   212   186   


