     A1    A2    A3    B1    B2    B3    C1    C2    C3    

A1   65    57    13    25    22    6     4     3     2     
     65    56    13    25    22    6     4     3     2     
     65    56    13    25    22    6     4     3     2     
     65    56    13    25    22    6     4     3     2     

bg   0     0     0     0     0     0     0     0     0     
     0     0     0     0     0     0     0     0     0     
     0     0     0     0     0     0     0     0     0     
     0     0     0     0     0     0     0     0     0     

A2   43    108   63    18    41    22    3     4     3     
     43    108   63    18    41    22    3     4     3     
     43    108   63    18    42    22    3     4     3     
     43    108   63    18    42    22    3     4     3     

bg   0     0     0     0     0     0     0     0     0     
     0     0     0     0     0     0     0     0     0     
     0     0     0     0     0     0     0     0     0     
     0     0     0     0     0     0     0     0     0     

A3   7     49    69    4     19    20    2     3     3     
     7     49    69    4     19    20    2     3     3     
     7     49    69    4     19    20    2     3     3     
     7     49    69    4     19    20    2     3     3     

bg   0     0     0     0     0     0     0     0     0     
     0     0     0     0     0     0     0     0     0     
     0     0     0     0     0     0     0     0     0     
     0     0     0     0     0     0     0     0     0     

B1   31    27    7     74    65    16    35    30    8     
     31    27    7     74    65    16    35    30    8     
     31    27    7     74    65    16    35    30    8     
     31    27    7     74    65    16    35    30    8     

bg   0     0     0     0     0     0     0     0     0     
     0     0     0     0     0     0     0     0     0     
     0     0     0     0     0     0     0     0     0     
     0     0     0     0     0     0     0     0     0     

B2   18    38    21    40    105   56    21    42    26    
     18    38    21    40    105   55    21    42    26    
     18    38    21    40    105   55    21    41    26    
     18    38    21    40    105   55    21    41    26    

bg   0     0     0     0     0     0     0     0     0     
     0     0     0     0     0     0     0     0     0     
     0     0     0     0     0     0     0     0     0     
     0     0     0     0     0     0     0     0     0     

B3   2     12    14    4     40    53    4     22    31    
     2     12    14    4     40    53    4     22    31    
     2     12    14    4     40    53    4     22    31    
     2     12    14    4     40    53    4     22    31    

bg   0     0     0     0     0     0     0     0     0     
     0     0     0     0     0     0     0     0     0     
     0     0     0     0     0     0     0     0     0     
     0     0     0     0     0     0     0     0     0     

C1   4     4     2     33    32    11    79    70    21    
     4     4     2     33    32    11    79    70    21    
     4     4     2     33    32    11    79    70    21    
     4     4     2     33    32    11    79    70    21    

bg   0     0     0     0     0     0     0     0     0     
     0     0     0     0     0     0     0     0     0     
     0     0     0     0     0     0     0     0     0     
     0     0     0     0     0     0     0     0     0     

C2   3     4     3     22    48    32    53    110   68    
     3     4     3     21    48    32    53    110   67    
     3     4     3     21    48    32    52    110   67    
     3     4     3     21    48    32    52    109   67    

bg   0     0     0     0     0     0     0     0     0     
     0     0     0     0     0     0     0     0     0     
     0     0     0     0     0     0     0     0     0     
     0     0     0     0     0     0     0     0     0     

C3   1     2     3     3     22    30    8     48    71    
     1     2     3     3     22    30    8     48    71    
     1     2     3     3     22    30    8     49    71    
     1     2     3     3     22    30    8     49    71    

bg   0     0     0     0     0     0     0     0     0     
     0     0     0     0     0     0     0     0     0     
     0     0     0     0     0     0     0     0     0     
     0     0     0     0     0     0     0     0     0     
