Trial #1-------------------------

     A1    A2    A3    B1    B2    B3    C1    C2    C3    

A1   79    71    17    28    25    7     4     3     2     
     79    71    17    28    25    7     4     3     2     
     78    71    16    28    25    7     4     3     2     
     78    70    16    27    25    7     4     3     2     

bg   0     0     0     0     0     0     0     0     0     
     0     0     0     0     0     0     0     0     0     
     0     0     0     0     0     0     0     0     0     
     0     0     0     0     0     0     0     0     0     

A2   44    118   72    16    44    28    3     4     4     
     44    118   72    16    44    28    3     4     4     
     44    118   72    16    44    28    3     4     4     
     44    118   72    16    44    28    3     4     4     

bg   0     0     0     0     0     0     0     0     0     
     0     0     0     0     0     0     0     0     0     
     0     0     0     0     0     0     0     0     0     
     0     0     0     0     0     0     0     0     0     

A3   6     53    89    3     23    32    2     3     4     
     6     53    89    3     23    32    2     3     4     
     6     53    89    3     23    32    2     3     4     
     6     53    89    3     23    32    2     3     4     

bg   0     0     0     0     0     0     0     0     0     
     0     0     0     0     0     0     0     0     0     
     0     0     0     0     0     0     0     0     0     
     0     0     0     0     0     0     0     0     0     

B1   26    24    7     70    59    15    33    30    8     
     26    24    7     70    59    15    33    30    8     
     26    24    7     70    59    15    33    30    8     
     27    24    7     70    59    15    33    30    8     

bg   0     0     0     0     0     0     0     0     0     
     0     0     0     0     0     0     0     0     0     
     0     0     0     0     0     0     0     0     0     
     0     0     0     0     0     0     0     0     0     

B2   15    42    29    36    110   71    18    42    29    
     15    42    29    36    110   71    18    42    29    
     15    42    29    36    110   71    18    42    29    
     15    42    29    36    110   71    18    41    29    

bg   0     0     0     0     0     0     0     0     0     
     0     0     0     0     0     0     0     0     0     
     0     0     0     0     0     0     0     0     0     
     0     0     0     0     0     0     0     0     0     

B3   3     23    34    6     57    89    4     26    40    
     3     23    34    6     57    89    4     26    40    
     3     23    34    6     57    89    4     26    40    
     3     23    34    6     57    89    4     26    40    

bg   0     0     0     0     0     0     0     0     0     
     0     0     0     0     0     0     0     0     0     
     0     0     0     0     0     0     0     0     0     
     0     0     0     0     0     0     0     0     0     

C1   3     4     2     33    30    11    83    78    20    
     3     4     2     33    30    11    83    78    20    
     3     4     2     33    30    11    83    78    20    
     3     4     2     33    30    11    83    78    20    

bg   0     0     0     0     0     0     0     0     0     
     0     0     0     0     0     0     0     0     0     
     0     0     0     0     0     0     0     0     0     
     0     0     0     0     0     0     0     0     0     

C2   2     4     3     19    44    32    51    124   72    
     2     4     3     19    44    32    51    124   72    
     2     4     3     19    44    32    51    124   72    
     2     4     3     19    44    32    51    124   72    

bg   0     0     0     0     0     0     0     0     0     
     0     0     0     0     0     0     0     0     0     
     0     0     0     0     0     0     0     0     0     
     0     0     0     0     0     0     0     0     0     

C3   1     3     4     3     22    36    6     55    88    
     1     3     4     3     22    36    6     55    88    
     1     3     4     3     22    36    6     55    88    
     1     3     4     3     22    36    6     55    88    

bg   0     0     0     0     0     0     0     0     0     
     0     0     0     0     0     0     0     0     0     
     0     0     0     0     0     0     0     0     0     
     0     0     0     0     0     0     0     0     0     


Trial #2-------------------------

     A1    A2    A3    B1    B2    B3    C1    C2    C3    

A1   79    71    17    28    26    7     4     3     2     
     78    71    17    28    25    7     4     3     2     
     78    71    17    28    25    7     4     3     2     
     78    70    17    27    25    7     4     3     2     

bg   0     0     0     0     0     0     0     0     0     
     0     0     0     0     0     0     0     0     0     
     0     0     0     0     0     0     0     0     0     
     0     0     0     0     0     0     0     0     0     

A2   45    118   72    16    44    29    3     4     4     
     45    118   72    16    44    29    3     4     4     
     45    118   72    16    44    29    3     4     4     
     45    118   72    16    44    28    3     4     4     

bg   0     0     0     0     0     0     0     0     0     
     0     0     0     0     0     0     0     0     0     
     0     0     0     0     0     0     0     0     0     
     0     0     0     0     0     0     0     0     0     

A3   6     53    89    3     23    32    2     3     4     
     6     53    89    3     23    32    2     3     4     
     6     53    89    3     23    32    2     3     4     
     6     53    89    3     23    32    2     3     4     

bg   0     0     0     0     0     0     0     0     0     
     0     0     0     0     0     0     0     0     0     
     0     0     0     0     0     0     0     0     0     
     0     0     0     0     0     0     0     0     0     

B1   26    24    7     70    59    15    32    30    8     
     26    24    7     70    59    15    33    30    8     
     26    24    7     70    59    15    32    30    8     
     26    24    7     69    59    15    32    29    8     

bg   0     0     0     0     0     0     0     0     0     
     0     0     0     0     0     0     0     0     0     
     0     0     0     0     0     0     0     0     0     
     0     0     0     0     0     0     0     0     0     

B2   15    42    29    36    110   71    18    42    29    
     15    42    29    36    110   71    18    42    29    
     15    42    29    36    110   71    18    42    29    
     15    42    29    36    110   71    18    42    29    

bg   0     0     0     0     0     0     0     0     0     
     0     0     0     0     0     0     0     0     0     
     0     0     0     0     0     0     0     0     0     
     0     0     0     0     0     0     0     0     0     

B3   3     23    35    6     57    90    4     26    40    
     3     23    35    6     57    90    4     26    40    
     3     23    35    6     57    90    4     26    40    
     3     23    35    6     57    89    4     26    40    

bg   0     0     0     0     0     0     0     0     0     
     0     0     0     0     0     0     0     0     0     
     0     0     0     0     0     0     0     0     0     
     0     0     0     0     0     0     0     0     0     

C1   3     4     2     33    30    11    83    78    20    
     3     4     2     33    30    11    83    78    20    
     3     4     2     33    30    11    83    78    20    
     3     4     2     33    30    11    83    78    20    

bg   0     0     0     0     0     0     0     0     0     
     0     0     0     0     0     0     0     0     0     
     0     0     0     0     0     0     0     0     0     
     0     0     0     0     0     0     0     0     0     

C2   2     4     3     19    44    31    51    123   72    
     2     4     3     19    44    32    51    123   72    
     2     4     3     19    44    32    51    123   72    
     2     4     3     19    44    32    51    123   72    

bg   0     0     0     0     0     0     0     0     0     
     0     0     0     0     0     0     0     0     0     
     0     0     0     0     0     0     0     0     0     
     0     0     0     0     0     0     0     0     0     

C3   1     3     4     3     22    36    6     55    88    
     1     3     4     3     22    36    6     55    87    
     1     3     4     3     22    36    6     55    87    
     1     3     4     3     22    36    6     55    87    

bg   0     0     0     0     0     0     0     0     0     
     0     0     0     0     0     0     0     0     0     
     0     0     0     0     0     0     0     0     0     
     0     0     0     0     0     0     0     0     0     


Trial #3-------------------------

     A1    A2    A3    B1    B2    B3    C1    C2    C3    

A1   78    70    17    28    25    7     4     3     2     
     78    70    17    28    25    7     4     3     2     
     78    70    16    27    25    7     4     3     2     
     78    70    16    27    25    7     4     3     2     

bg   0     0     0     0     0     0     0     0     0     
     0     0     0     0     0     0     0     0     0     
     0     0     0     0     0     0     0     0     0     
     0     0     0     0     0     0     0     0     0     

A2   45    118   72    16    44    29    3     4     4     
     45    118   72    16    44    29    3     4     4     
     45    118   72    16    44    29    3     4     4     
     45    118   72    16    44    29    3     4     4     

bg   0     0     0     0     0     0     0     0     0     
     0     0     0     0     0     0     0     0     0     
     0     0     0     0     0     0     0     0     0     
     0     0     0     0     0     0     0     0     0     

A3   6     53    89    3     23    32    2     3     4     
     6     53    89    3     23    32    2     3     4     
     6     53    89    3     23    32    2     3     4     
     6     53    89    3     23    32    2     3     4     

bg   0     0     0     0     0     0     0     0     0     
     0     0     0     0     0     0     0     0     0     
     0     0     0     0     0     0     0     0     0     
     0     0     0     0     0     0     0     0     0     

B1   27    24    7     70    59    15    33    30    8     
     26    24    7     70    59    15    33    30    8     
     26    24    7     69    59    15    33    29    8     
     26    24    7     69    59    15    32    29    8     

bg   0     0     0     0     0     0     0     0     0     
     0     0     0     0     0     0     0     0     0     
     0     0     0     0     0     0     0     0     0     
     0     0     0     0     0     0     0     0     0     

B2   15    42    29    36    111   71    18    42    29    
     15    42    29    36    110   71    18    42    29    
     15    42    29    36    110   71    18    41    29    
     15    42    29    36    110   71    18    41    29    

bg   0     0     0     0     0     0     0     0     0     
     0     0     0     0     0     0     0     0     0     
     0     0     0     0     0     0     0     0     0     
     0     0     0     0     0     0     0     0     0     

B3   3     23    34    6     57    89    4     26    40    
     3     23    34    6     57    89    4     26    40    
     3     23    34    6     57    89    4     26    40    
     3     23    34    6     57    89    4     26    40    

bg   0     0     0     0     0     0     0     0     0     
     0     0     0     0     0     0     0     0     0     
     0     0     0     0     0     0     0     0     0     
     0     0     0     0     0     0     0     0     0     

C1   3     4     2     33    30    11    83    78    21    
     3     4     2     33    30    11    83    78    20    
     3     4     2     33    30    11    83    78    20    
     3     4     2     33    30    11    83    78    20    

bg   0     0     0     0     0     0     0     0     0     
     0     0     0     0     0     0     0     0     0     
     0     0     0     0     0     0     0     0     0     
     0     0     0     0     0     0     0     0     0     

C2   2     4     3     19    44    32    51    123   72    
     2     4     3     19    44    32    51    123   72    
     2     4     3     19    44    32    51    123   72    
     2     4     3     19    44    32    51    123   72    

bg   0     0     0     0     0     0     0     0     0     
     0     0     0     0     0     0     0     0     0     
     0     0     0     0     0     0     0     0     0     
     0     0     0     0     0     0     0     0     0     

C3   1     3     4     3     22    36    6     55    88    
     1     3     4     3     22    36    6     55    88    
     1     3     4     3     22    36    6     55    88    
     1     3     4     3     22    36    6     55    88    

bg   0     0     0     0     0     0     0     0     0     
     0     0     0     0     0     0     0     0     0     
     0     0     0     0     0     0     0     0     0     
     0     0     0     0     0     0     0     0     0     


Trial #4-------------------------

     A1    A2    A3    B1    B2    B3    C1    C2    C3    

A1   79    71    17    28    25    7     4     3     2     
     78    71    17    28    25    7     4     3     2     
     78    70    17    28    25    7     4     3     2     
     78    70    16    27    25    7     4     3     2     

bg   0     0     0     0     0     0     0     0     0     
     0     0     0     0     0     0     0     0     0     
     0     0     0     0     0     0     0     0     0     
     0     0     0     0     0     0     0     0     0     

A2   44    117   72    16    44    28    3     4     4     
     44    117   72    16    44    28    3     4     4     
     44    117   71    16    44    28    3     4     4     
     44    117   71    16    44    28    3     4     4     

bg   0     0     0     0     0     0     0     0     0     
     0     0     0     0     0     0     0     0     0     
     0     0     0     0     0     0     0     0     0     
     0     0     0     0     0     0     0     0     0     

A3   6     53    90    3     23    32    2     3     4     
     6     53    89    3     23    32    2     3     4     
     6     53    89    3     23    32    2     3     4     
     6     53    89    3     23    32    2     3     4     

bg   0     0     0     0     0     0     0     0     0     
     0     0     0     0     0     0     0     0     0     
     0     0     0     0     0     0     0     0     0     
     0     0     0     0     0     0     0     0     0     

B1   26    24    7     70    59    15    32    30    8     
     26    24    7     69    59    15    32    30    8     
     26    24    7     69    59    15    32    29    8     
     26    24    7     69    59    15    32    29    8     

bg   0     0     0     0     0     0     0     0     0     
     0     0     0     0     0     0     0     0     0     
     0     0     0     0     0     0     0     0     0     
     0     0     0     0     0     0     0     0     0     

B2   15    42    29    36    110   71    18    42    29    
     15    42    29    36    110   71    18    41    29    
     15    42    29    36    110   71    18    41    29    
     15    42    29    36    110   71    18    41    29    

bg   0     0     0     0     0     0     0     0     0     
     0     0     0     0     0     0     0     0     0     
     0     0     0     0     0     0     0     0     0     
     0     0     0     0     0     0     0     0     0     

B3   3     23    34    6     57    89    4     26    40    
     3     23    34    6     57    89    4     26    40    
     3     23    34    6     57    89    4     26    40    
     3     23    34    6     57    89    4     26    40    

bg   0     0     0     0     0     0     0     0     0     
     0     0     0     0     0     0     0     0     0     
     0     0     0     0     0     0     0     0     0     
     0     0     0     0     0     0     0     0     0     

C1   3     4     2     33    30    10    83    77    20    
     3     4     2     33    30    11    83    77    20    
     3     4     2     33    30    11    83    77    20    
     3     4     2     33    30    11    82    77    20    

bg   0     0     0     0     0     0     0     0     0     
     0     0     0     0     0     0     0     0     0     
     0     0     0     0     0     0     0     0     0     
     0     0     0     0     0     0     0     0     0     

C2   2     4     3     19    44    32    51    124   72    
     2     4     3     19    44    32    51    123   72    
     2     4     3     19    44    32    51    123   72    
     2     4     3     19    44    32    51    123   72    

bg   0     0     0     0     0     0     0     0     0     
     0     0     0     0     0     0     0     0     0     
     0     0     0     0     0     0     0     0     0     
     0     0     0     0     0     0     0     0     0     

C3   1     3     4     3     22    36    6     55    88    
     1     3     4     3     22    36    6     55    88    
     1     3     4     3     22    36    6     55    88    
     1     3     4     3     22    36    6     55    88    

bg   0     0     0     0     0     0     0     0     0     
     0     0     0     0     0     0     0     0     0     
     0     0     0     0     0     0     0     0     0     
     0     0     0     0     0     0     0     0     0     


