Trial #1-------------------------

     A1    A2    A3    B1    B2    B3    C1    C2    C3    

A1   82    74    18    31    30    8     4     4     2     
     81    74    18    31    30    8     4     4     2     
     81    74    18    31    30    8     4     4     2     
     81    74    18    31    30    8     4     4     2     

bg   0     0     0     0     0     0     0     0     0     
     0     0     0     0     0     0     0     0     0     
     0     0     0     0     0     0     0     0     0     
     0     0     0     0     0     0     0     0     0     

A2   47    121   73    19    48    29    3     5     4     
     47    121   73    19    48    29    3     5     4     
     47    120   73    19    48    29    3     5     4     
     47    120   72    19    48    29    3     5     4     

bg   0     0     0     0     0     0     0     0     0     
     0     0     0     0     0     0     0     0     0     
     0     0     0     0     0     0     0     0     0     
     0     0     0     0     0     0     0     0     0     

A3   6     53    90    3     23    32    2     3     4     
     6     53    90    3     23    32    2     3     4     
     6     53    90    3     23    32    2     3     4     
     6     53    90    3     23    32    2     3     4     

bg   0     0     0     0     0     0     0     0     0     
     0     0     0     0     0     0     0     0     0     
     0     0     0     0     0     0     0     0     0     
     0     0     0     0     0     0     0     0     0     

B1   30    28    8     76    67    17    33    30    9     
     30    28    8     76    67    17    33    30    9     
     30    28    8     76    67    17    33    30    9     
     30    28    8     75    67    17    33    30    9     

bg   0     0     0     0     0     0     0     0     0     
     0     0     0     0     0     0     0     0     0     
     0     0     0     0     0     0     0     0     0     
     0     0     0     0     0     0     0     0     0     

B2   20    47    30    43    120   73    19    42    29    
     20    47    30    43    120   73    19    42    29    
     20    47    30    43    120   73    19    42    29    
     20    47    30    43    120   73    19    42    29    

bg   0     0     0     0     0     0     0     0     0     
     0     0     0     0     0     0     0     0     0     
     0     0     0     0     0     0     0     0     0     
     0     0     0     0     0     0     0     0     0     

B3   4     24    34    6     58    89    4     26    40    
     4     24    34    6     58    89    4     26    40    
     4     24    34    6     58    89    4     26    40    
     4     24    34    6     58    89    4     26    40    

bg   0     0     0     0     0     0     0     0     0     
     0     0     0     0     0     0     0     0     0     
     0     0     0     0     0     0     0     0     0     
     0     0     0     0     0     0     0     0     0     

C1   3     4     2     33    30    11    82    77    20    
     3     4     2     33    30    11    83    78    20    
     3     4     2     33    31    11    83    78    20    
     3     4     2     33    31    11    83    77    20    

bg   0     0     0     0     0     0     0     0     0     
     0     0     0     0     0     0     0     0     0     
     0     0     0     0     0     0     0     0     0     
     0     0     0     0     0     0     0     0     0     

C2   2     4     3     19    45    32    51    124   72    
     2     4     3     19    45    32    51    124   72    
     2     4     3     19    45    32    51    124   72    
     2     4     3     19    45    32    51    124   72    

bg   0     0     0     0     0     0     0     0     0     
     0     0     0     0     0     0     0     0     0     
     0     0     0     0     0     0     0     0     0     
     0     0     0     0     0     0     0     0     0     

C3   2     3     4     3     22    36    6     55    88    
     2     3     4     3     22    36    6     55    88    
     2     3     4     3     22    36    6     55    89    
     2     3     4     3     23    36    6     55    89    

bg   0     0     0     0     0     0     0     0     0     
     0     0     0     0     0     0     0     0     0     
     0     0     0     0     0     0     0     0     0     
     0     0     0     0     0     0     0     0     0     


Trial #2-------------------------

     A1    A2    A3    B1    B2    B3    C1    C2    C3    

A1   82    75    18    31    30    8     4     4     2     
     81    74    18    31    30    8     4     4     2     
     81    74    18    31    30    8     4     4     2     
     80    74    18    30    30    8     4     3     2     

bg   0     0     0     0     0     0     0     0     0     
     0     0     0     0     0     0     0     0     0     
     0     0     0     0     0     0     0     0     0     
     0     0     0     0     0     0     0     0     0     

A2   47    120   72    19    47    29    3     5     4     
     47    120   72    19    47    29    3     5     4     
     47    119   72    19    47    29    3     5     4     
     47    119   72    19    47    29    3     5     4     

bg   0     0     0     0     0     0     0     0     0     
     0     0     0     0     0     0     0     0     0     
     0     0     0     0     0     0     0     0     0     
     0     0     0     0     0     0     0     0     0     

A3   6     53    89    3     23    32    2     3     4     
     6     53    89    3     23    32    2     3     4     
     6     53    89    3     23    32    2     3     4     
     6     53    89    3     23    32    2     3     4     

bg   0     0     0     0     0     0     0     0     0     
     0     0     0     0     0     0     0     0     0     
     0     0     0     0     0     0     0     0     0     
     0     0     0     0     0     0     0     0     0     

B1   30    28    8     76    67    17    33    30    9     
     30    28    8     76    67    17    33    30    9     
     30    28    8     76    67    17    33    30    9     
     30    28    8     76    67    17    33    30    9     

bg   0     0     0     0     0     0     0     0     0     
     0     0     0     0     0     0     0     0     0     
     0     0     0     0     0     0     0     0     0     
     0     0     0     0     0     0     0     0     0     

B2   20    47    30    43    120   73    19    42    29    
     20    47    30    43    120   73    19    42    29    
     20    47    30    43    120   73    19    42    29    
     20    47    30    43    120   73    19    42    29    

bg   0     0     0     0     0     0     0     0     0     
     0     0     0     0     0     0     0     0     0     
     0     0     0     0     0     0     0     0     0     
     0     0     0     0     0     0     0     0     0     

B3   4     23    34    6     58    89    4     26    40    
     4     23    34    6     57    89    4     26    40    
     4     23    34    6     57    89    4     26    40    
     4     24    34    6     57    89    4     26    40    

bg   0     0     0     0     0     0     0     0     0     
     0     0     0     0     0     0     0     0     0     
     0     0     0     0     0     0     0     0     0     
     0     0     0     0     0     0     0     0     0     

C1   3     4     2     33    31    11    83    78    20    
     3     4     2     33    31    11    84    78    20    
     3     4     2     33    31    11    83    78    20    
     3     4     2     33    31    11    83    78    20    

bg   0     0     0     0     0     0     0     0     0     
     0     0     0     0     0     0     0     0     0     
     0     0     0     0     0     0     0     0     0     
     0     0     0     0     0     0     0     0     0     

C2   2     4     3     19    44    32    51    123   72    
     2     4     3     19    44    32    51    123   72    
     2     4     3     19    44    32    51    123   71    
     2     4     3     19    44    32    51    123   71    

bg   0     0     0     0     0     0     0     0     0     
     0     0     0     0     0     0     0     0     0     
     0     0     0     0     0     0     0     0     0     
     0     0     0     0     0     0     0     0     0     

C3   2     3     4     3     23    36    6     55    89    
     2     3     4     3     23    36    6     55    89    
     2     3     4     3     23    36    6     55    89    
     2     3     4     3     23    36    6     55    88    

bg   0     0     0     0     0     0     0     0     0     
     0     0     0     0     0     0     0     0     0     
     0     0     0     0     0     0     0     0     0     
     0     0     0     0     0     0     0     0     0     


Trial #3-------------------------

     A1    A2    A3    B1    B2    B3    C1    C2    C3    

A1   81    75    18    31    30    8     4     4     2     
     81    74    18    31    30    8     4     4     2     
     80    74    18    30    30    8     4     3     2     
     80    74    18    30    29    8     4     3     2     

bg   0     0     0     0     0     0     0     0     0     
     0     0     0     0     0     0     0     0     0     
     0     0     0     0     0     0     0     0     0     
     0     0     0     0     0     0     0     0     0     

A2   47    120   72    19    47    29    3     5     4     
     47    120   72    19    47    29    3     5     4     
     47    120   72    19    47    29    3     5     4     
     47    120   72    19    47    29    3     5     4     

bg   0     0     0     0     0     0     0     0     0     
     0     0     0     0     0     0     0     0     0     
     0     0     0     0     0     0     0     0     0     
     0     0     0     0     0     0     0     0     0     

A3   6     53    89    3     23    32    2     3     4     
     6     53    89    3     23    32    2     3     4     
     6     53    89    3     23    32    2     3     4     
     6     53    89    3     23    32    2     3     4     

bg   0     0     0     0     0     0     0     0     0     
     0     0     0     0     0     0     0     0     0     
     0     0     0     0     0     0     0     0     0     
     0     0     0     0     0     0     0     0     0     

B1   30    29    8     77    68    17    34    30    9     
     30    29    8     77    68    17    34    30    9     
     30    29    8     77    67    17    34    30    9     
     30    29    8     77    67    17    34    30    9     

bg   0     0     0     0     0     0     0     0     0     
     0     0     0     0     0     0     0     0     0     
     0     0     0     0     0     0     0     0     0     
     0     0     0     0     0     0     0     0     0     

B2   20    47    30    43    120   73    19    42    29    
     20    47    30    43    120   73    19    42    29    
     20    47    30    43    119   73    19    42    29    
     20    47    30    43    119   73    19    42    29    

bg   0     0     0     0     0     0     0     0     0     
     0     0     0     0     0     0     0     0     0     
     0     0     0     0     0     0     0     0     0     
     0     0     0     0     0     0     0     0     0     

B3   4     23    35    6     58    90    4     26    40    
     4     24    35    6     58    90    4     26    40    
     4     24    35    6     58    90    4     26    40    
     4     24    35    6     58    90    4     26    40    

bg   0     0     0     0     0     0     0     0     0     
     0     0     0     0     0     0     0     0     0     
     0     0     0     0     0     0     0     0     0     
     0     0     0     0     0     0     0     0     0     

C1   3     4     2     33    31    11    83    78    20    
     3     4     2     33    31    11    83    78    20    
     3     4     2     33    31    11    82    77    20    
     3     4     2     33    31    11    82    77    20    

bg   0     0     0     0     0     0     0     0     0     
     0     0     0     0     0     0     0     0     0     
     0     0     0     0     0     0     0     0     0     
     0     0     0     0     0     0     0     0     0     

C2   2     4     3     19    44    32    51    123   72    
     2     4     3     19    44    32    51    123   72    
     2     4     3     19    44    32    51    123   72    
     2     4     3     19    44    32    51    123   72    

bg   0     0     0     0     0     0     0     0     0     
     0     0     0     0     0     0     0     0     0     
     0     0     0     0     0     0     0     0     0     
     0     0     0     0     0     0     0     0     0     

C3   2     3     4     3     22    36    6     55    88    
     2     3     4     3     22    36    6     55    87    
     2     3     4     3     22    36    6     55    87    
     2     3     4     3     22    36    6     55    87    

bg   0     0     0     0     0     0     0     0     0     
     0     0     0     0     0     0     0     0     0     
     0     0     0     0     0     0     0     0     0     
     0     0     0     0     0     0     0     0     0     


Trial #4-------------------------

     A1    A2    A3    B1    B2    B3    C1    C2    C3    

A1   81    75    18    31    30    8     4     4     2     
     81    74    18    31    30    8     4     4     2     
     81    74    18    31    30    8     4     4     2     
     81    74    18    31    30    8     4     4     2     

bg   0     0     0     0     0     0     0     0     0     
     0     0     0     0     0     0     0     0     0     
     0     0     0     0     0     0     0     0     0     
     0     0     0     0     0     0     0     0     0     

A2   47    120   73    19    48    29    3     5     4     
     47    120   73    19    48    29    3     5     4     
     47    120   72    19    47    29    3     5     4     
     47    120   72    19    47    29    3     5     4     

bg   0     0     0     0     0     0     0     0     0     
     0     0     0     0     0     0     0     0     0     
     0     0     0     0     0     0     0     0     0     
     0     0     0     0     0     0     0     0     0     

A3   6     53    89    3     23    32    2     3     4     
     6     53    89    3     23    32    2     3     4     
     6     53    89    3     23    32    2     3     4     
     6     53    90    3     23    32    2     3     4     

bg   0     0     0     0     0     0     0     0     0     
     0     0     0     0     0     0     0     0     0     
     0     0     0     0     0     0     0     0     0     
     0     0     0     0     0     0     0     0     0     

B1   30    28    8     76    67    17    33    30    9     
     30    28    8     76    67    17    33    30    9     
     30    28    8     76    67    17    33    30    9     
     30    28    8     76    67    17    33    30    9     

bg   0     0     0     0     0     0     0     0     0     
     0     0     0     0     0     0     0     0     0     
     0     0     0     0     0     0     0     0     0     
     0     0     0     0     0     0     0     0     0     

B2   20    47    30    43    120   73    19    42    29    
     20    47    30    43    120   73    19    42    29    
     20    47    30    43    119   73    19    42    29    
     20    47    30    43    119   73    19    42    29    

bg   0     0     0     0     0     0     0     0     0     
     0     0     0     0     0     0     0     0     0     
     0     0     0     0     0     0     0     0     0     
     0     0     0     0     0     0     0     0     0     

B3   4     24    35    6     58    90    4     26    40    
     4     24    35    6     58    90    4     26    40    
     4     24    34    6     58    89    4     26    40    
     4     24    34    6     58    89    4     26    40    

bg   0     0     0     0     0     0     0     0     0     
     0     0     0     0     0     0     0     0     0     
     0     0     0     0     0     0     0     0     0     
     0     0     0     0     0     0     0     0     0     

C1   3     4     2     33    31    11    83    78    20    
     3     4     2     33    31    11    82    78    20    
     3     4     2     33    31    11    82    78    20    
     3     4     2     33    31    11    82    77    20    

bg   0     0     0     0     0     0     0     0     0     
     0     0     0     0     0     0     0     0     0     
     0     0     0     0     0     0     0     0     0     
     0     0     0     0     0     0     0     0     0     

C2   2     4     3     19    45    32    51    124   72    
     2     4     3     19    44    32    51    123   72    
     2     4     3     19    45    32    51    123   72    
     2     4     3     19    44    32    51    123   72    

bg   0     0     0     0     0     0     0     0     0     
     0     0     0     0     0     0     0     0     0     
     0     0     0     0     0     0     0     0     0     
     0     0     0     0     0     0     0     0     0     

C3   2     3     4     3     22    36    6     55    87    
     2     3     4     3     22    36    6     55    87    
     2     3     4     3     22    36    6     55    88    
     1     3     4     3     23    36    6     55    88    

bg   0     0     0     0     0     0     0     0     0     
     0     0     0     0     0     0     0     0     0     
     0     0     0     0     0     0     0     0     0     
     0     0     0     0     0     0     0     0     0     


