Trial #1-------------------------

     A1    A2    A3    B1    B2    B3    C1    C2    C3    

A1   76    67    16    25    22    6     4     3     2     
     76    67    16    25    22    6     4     3     2     
     75    67    16    25    22    6     4     3     2     
     75    66    16    25    22    6     4     3     2     

bg   0     0     0     0     0     0     0     0     0     
     0     0     0     0     0     0     0     0     0     
     0     0     0     0     0     0     0     0     0     
     0     0     0     0     0     0     0     0     0     

A2   41    113   71    14    41    27    3     4     3     
     41    113   71    14    40    27    3     4     3     
     41    113   71    14    40    27    3     4     3     
     41    113   71    14    40    27    3     4     3     

bg   0     0     0     0     0     0     0     0     0     
     0     0     0     0     0     0     0     0     0     
     0     0     0     0     0     0     0     0     0     
     0     0     0     0     0     0     0     0     0     

A3   6     53    89    3     22    32    1     3     4     
     6     53    89    3     22    32    1     3     4     
     6     53    89    3     22    32    1     3     4     
     6     53    89    3     22    32    1     3     4     

bg   0     0     0     0     0     0     0     0     0     
     0     0     0     0     0     0     0     0     0     
     0     0     0     0     0     0     0     0     0     
     0     0     0     0     0     0     0     0     0     

B1   24    20    6     64    51    13    31    28    8     
     24    20    6     64    51    13    31    28    8     
     24    20    6     64    51    13    31    28    8     
     24    20    6     63    51    13    31    28    8     

bg   0     0     0     0     0     0     0     0     0     
     0     0     0     0     0     0     0     0     0     
     0     0     0     0     0     0     0     0     0     
     0     0     0     0     0     0     0     0     0     

B2   12    37    28    29    101   69    16    40    28    
     12    37    28    29    101   69    16    40    28    
     12    37    28    29    101   69    16    40    28    
     12    37    28    29    101   68    16    40    28    

bg   0     0     0     0     0     0     0     0     0     
     0     0     0     0     0     0     0     0     0     
     0     0     0     0     0     0     0     0     0     
     0     0     0     0     0     0     0     0     0     

B3   3     23    34    5     57    89    4     26    40    
     3     23    34    5     57    89    4     26    40    
     3     23    34    5     56    89    4     26    40    
     3     23    34    5     56    89    4     26    40    

bg   0     0     0     0     0     0     0     0     0     
     0     0     0     0     0     0     0     0     0     
     0     0     0     0     0     0     0     0     0     
     0     0     0     0     0     0     0     0     0     

C1   3     3     2     32    29    10    83    77    20    
     3     3     2     32    29    10    83    77    20    
     3     3     2     32    29    10    83    77    20    
     3     3     2     32    29    10    82    77    20    

bg   0     0     0     0     0     0     0     0     0     
     0     0     0     0     0     0     0     0     0     
     0     0     0     0     0     0     0     0     0     
     0     0     0     0     0     0     0     0     0     

C2   2     4     3     18    43    31    51    123   72    
     2     4     3     18    43    31    51    123   72    
     2     4     3     18    43    31    51    123   72    
     2     4     3     18    43    31    50    123   72    

bg   0     0     0     0     0     0     0     0     0     
     0     0     0     0     0     0     0     0     0     
     0     0     0     0     0     0     0     0     0     
     0     0     0     0     0     0     0     0     0     

C3   1     3     4     3     22    36    6     55    88    
     1     3     4     3     22    36    6     55    88    
     1     3     4     3     22    36    6     55    88    
     1     3     4     3     22    36    6     55    88    

bg   0     0     0     0     0     0     0     0     0     
     0     0     0     0     0     0     0     0     0     
     0     0     0     0     0     0     0     0     0     
     0     0     0     0     0     0     0     0     0     


Trial #2-------------------------

     A1    A2    A3    B1    B2    B3    C1    C2    C3    

A1   76    67    16    25    22    6     4     3     2     
     76    67    16    25    22    6     4     3     2     
     76    67    16    25    22    6     4     3     2     
     75    67    16    25    22    6     4     3     2     

bg   0     0     0     0     0     0     0     0     0     
     0     0     0     0     0     0     0     0     0     
     0     0     0     0     0     0     0     0     0     
     0     0     0     0     0     0     0     0     0     

A2   42    114   71    14    41    28    3     4     3     
     42    114   71    14    41    28    3     4     3     
     42    113   71    14    41    28    3     4     3     
     41    113   71    14    40    27    3     4     3     

bg   0     0     0     0     0     0     0     0     0     
     0     0     0     0     0     0     0     0     0     
     0     0     0     0     0     0     0     0     0     
     0     0     0     0     0     0     0     0     0     

A3   6     53    89    3     22    32    1     3     4     
     6     53    89    3     22    32    1     3     4     
     6     53    89    3     22    32    1     3     4     
     6     52    89    3     22    32    1     3     4     

bg   0     0     0     0     0     0     0     0     0     
     0     0     0     0     0     0     0     0     0     
     0     0     0     0     0     0     0     0     0     
     0     0     0     0     0     0     0     0     0     

B1   24    20    6     64    51    13    31    28    8     
     24    20    6     64    51    13    31    28    8     
     24    20    6     64    51    13    31    28    8     
     24    20    6     64    51    13    31    28    8     

bg   0     0     0     0     0     0     0     0     0     
     0     0     0     0     0     0     0     0     0     
     0     0     0     0     0     0     0     0     0     
     0     0     0     0     0     0     0     0     0     

B2   12    37    28    29    101   68    16    40    28    
     12    37    28    29    100   68    16    40    28    
     12    37    28    29    100   68    16    40    28    
     12    37    28    29    100   68    16    40    28    

bg   0     0     0     0     0     0     0     0     0     
     0     0     0     0     0     0     0     0     0     
     0     0     0     0     0     0     0     0     0     
     0     0     0     0     0     0     0     0     0     

B3   3     23    34    5     57    89    4     26    40    
     3     23    34    5     57    89    4     26    40    
     3     23    34    5     57    89    4     26    40    
     3     23    34    5     57    89    4     26    40    

bg   0     0     0     0     0     0     0     0     0     
     0     0     0     0     0     0     0     0     0     
     0     0     0     0     0     0     0     0     0     
     0     0     0     0     0     0     0     0     0     

C1   3     3     2     32    29    10    83    78    20    
     3     3     2     32    29    10    83    77    20    
     3     3     2     32    29    10    83    77    20    
     3     3     2     32    29    10    83    77    20    

bg   0     0     0     0     0     0     0     0     0     
     0     0     0     0     0     0     0     0     0     
     0     0     0     0     0     0     0     0     0     
     0     0     0     0     0     0     0     0     0     

C2   2     4     3     19    44    31    51    123   72    
     2     4     3     19    44    31    51    123   72    
     2     4     3     19    44    31    51    123   72    
     2     4     3     19    43    31    51    123   72    

bg   0     0     0     0     0     0     0     0     0     
     0     0     0     0     0     0     0     0     0     
     0     0     0     0     0     0     0     0     0     
     0     0     0     0     0     0     0     0     0     

C3   1     3     4     3     22    36    6     55    88    
     1     3     4     3     22    36    6     55    88    
     1     3     4     3     22    36    6     55    88    
     1     3     4     3     22    36    6     55    88    

bg   0     0     0     0     0     0     0     0     0     
     0     0     0     0     0     0     0     0     0     
     0     0     0     0     0     0     0     0     0     
     0     0     0     0     0     0     0     0     0     


Trial #3-------------------------

     A1    A2    A3    B1    B2    B3    C1    C2    C3    

A1   76    67    16    26    22    6     4     3     2     
     76    67    16    25    22    6     4     3     2     
     76    67    16    25    22    6     4     3     2     
     76    67    16    25    22    6     4     3     2     

bg   0     0     0     0     0     0     0     0     0     
     0     0     0     0     0     0     0     0     0     
     0     0     0     0     0     0     0     0     0     
     0     0     0     0     0     0     0     0     0     

A2   42    114   71    14    41    28    3     4     3     
     42    114   71    14    41    28    3     4     3     
     42    114   71    14    41    28    3     4     3     
     42    114   71    14    41    28    3     4     3     

bg   0     0     0     0     0     0     0     0     0     
     0     0     0     0     0     0     0     0     0     
     0     0     0     0     0     0     0     0     0     
     0     0     0     0     0     0     0     0     0     

A3   6     53    89    3     22    32    1     3     4     
     6     53    89    3     22    32    2     3     4     
     6     52    89    3     22    32    1     3     4     
     6     52    89    3     22    32    1     3     4     

bg   0     0     0     0     0     0     0     0     0     
     0     0     0     0     0     0     0     0     0     
     0     0     0     0     0     0     0     0     0     
     0     0     0     0     0     0     0     0     0     

B1   23    19    6     63    50    13    31    28    8     
     23    19    6     63    50    13    31    28    8     
     23    19    6     63    50    13    31    28    7     
     23    19    6     63    50    13    31    28    7     

bg   0     0     0     0     0     0     0     0     0     
     0     0     0     0     0     0     0     0     0     
     0     0     0     0     0     0     0     0     0     
     0     0     0     0     0     0     0     0     0     

B2   12    37    28    29    100   68    16    40    28    
     12    37    28    29    100   68    16    40    28    
     12    37    28    29    100   68    16    40    28    
     12    37    28    29    100   68    16    40    28    

bg   0     0     0     0     0     0     0     0     0     
     0     0     0     0     0     0     0     0     0     
     0     0     0     0     0     0     0     0     0     
     0     0     0     0     0     0     0     0     0     

B3   3     23    34    5     57    89    4     26    40    
     3     23    34    5     57    89    4     26    40    
     3     23    34    5     57    89    4     26    40    
     3     23    34    5     57    89    4     26    40    

bg   0     0     0     0     0     0     0     0     0     
     0     0     0     0     0     0     0     0     0     
     0     0     0     0     0     0     0     0     0     
     0     0     0     0     0     0     0     0     0     

C1   3     3     2     32    29    10    83    77    20    
     3     3     2     32    29    10    83    77    20    
     3     3     2     32    29    10    83    77    20    
     3     3     2     32    29    10    83    77    20    

bg   0     0     0     0     0     0     0     0     0     
     0     0     0     0     0     0     0     0     0     
     0     0     0     0     0     0     0     0     0     
     0     0     0     0     0     0     0     0     0     

C2   2     4     3     19    44    32    51    124   72    
     2     4     3     19    44    32    51    124   72    
     2     4     3     19    44    32    51    123   72    
     2     4     3     19    44    32    51    123   72    

bg   0     0     0     0     0     0     0     0     0     
     0     0     0     0     0     0     0     0     0     
     0     0     0     0     0     0     0     0     0     
     0     0     0     0     0     0     0     0     0     

C3   1     3     4     3     22    36    6     55    88    
     1     3     4     3     22    36    6     55    88    
     1     3     4     3     22    36    6     55    88    
     1     3     4     3     22    36    6     55    88    

bg   0     0     0     0     0     0     0     0     0     
     0     0     0     0     0     0     0     0     0     
     0     0     0     0     0     0     0     0     0     
     0     0     0     0     0     0     0     0     0     


Trial #4-------------------------

     A1    A2    A3    B1    B2    B3    C1    C2    C3    

A1   76    67    16    26    22    6     4     3     2     
     76    67    16    25    22    6     4     3     2     
     76    67    16    25    22    6     4     3     2     
     75    67    16    25    22    6     4     3     2     

bg   0     0     0     0     0     0     0     0     0     
     0     0     0     0     0     0     0     0     0     
     0     0     0     0     0     0     0     0     0     
     0     0     0     0     0     0     0     0     0     

A2   41    113   71    14    40    27    3     4     3     
     41    113   71    14    40    27    3     4     3     
     41    113   70    14    40    27    3     4     3     
     41    113   70    14    40    27    3     4     3     

bg   0     0     0     0     0     0     0     0     0     
     0     0     0     0     0     0     0     0     0     
     0     0     0     0     0     0     0     0     0     
     0     0     0     0     0     0     0     0     0     

A3   6     53    89    3     22    32    1     3     4     
     6     53    89    3     22    32    1     3     4     
     6     53    89    3     22    32    1     3     4     
     6     53    89    3     22    32    1     3     4     

bg   0     0     0     0     0     0     0     0     0     
     0     0     0     0     0     0     0     0     0     
     0     0     0     0     0     0     0     0     0     
     0     0     0     0     0     0     0     0     0     

B1   24    19    6     63    51    13    31    28    8     
     24    19    6     63    51    13    31    28    8     
     24    19    6     63    50    13    31    28    8     
     24    19    6     63    50    13    31    28    8     

bg   0     0     0     0     0     0     0     0     0     
     0     0     0     0     0     0     0     0     0     
     0     0     0     0     0     0     0     0     0     
     0     0     0     0     0     0     0     0     0     

B2   12    37    28    29    101   68    16    40    28    
     12    37    28    29    100   68    16    40    28    
     12    37    28    29    100   68    16    40    28    
     12    37    28    29    100   68    16    40    28    

bg   0     0     0     0     0     0     0     0     0     
     0     0     0     0     0     0     0     0     0     
     0     0     0     0     0     0     0     0     0     
     0     0     0     0     0     0     0     0     0     

B3   3     23    34    5     56    89    4     26    40    
     3     23    34    5     56    89    4     26    40    
     3     23    34    5     56    89    4     26    40    
     3     23    34    5     56    89    4     26    40    

bg   0     0     0     0     0     0     0     0     0     
     0     0     0     0     0     0     0     0     0     
     0     0     0     0     0     0     0     0     0     
     0     0     0     0     0     0     0     0     0     

C1   3     3     2     32    29    10    83    78    20    
     3     3     2     32    29    10    83    78    20    
     3     3     2     32    29    10    83    77    20    
     3     3     2     32    29    10    83    77    20    

bg   0     0     0     0     0     0     0     0     0     
     0     0     0     0     0     0     0     0     0     
     0     0     0     0     0     0     0     0     0     
     0     0     0     0     0     0     0     0     0     

C2   2     4     3     19    44    32    51    124   72    
     2     4     3     19    44    32    51    124   72    
     2     4     3     19    44    32    51    124   72    
     2     4     3     19    43    31    51    122   71    

bg   0     0     0     0     0     0     0     0     0     
     0     0     0     0     0     0     0     0     0     
     0     0     0     0     0     0     0     0     0     
     0     0     0     0     0     0     0     0     0     

C3   1     3     4     3     22    36    6     55    88    
     1     3     4     3     22    36    6     55    88    
     1     3     4     3     22    36    6     55    88    
     1     3     4     3     22    36    6     55    88    

bg   0     0     0     0     0     0     0     0     0     
     0     0     0     0     0     0     0     0     0     
     0     0     0     0     0     0     0     0     0     
     0     0     0     0     0     0     0     0     0     


