Trial #1-------------------------

     A1    A2    A3    B1    B2    B3    C1    C2    C3    

A1   80    73    17    30    29    8     4     3     2     
     80    73    17    30    28    8     4     3     2     
     80    72    17    30    28    8     4     3     2     
     80    72    17    30    28    8     4     3     2     

bg   0     0     0     0     0     0     0     0     0     
     0     0     0     0     0     0     0     0     0     
     0     0     0     0     0     0     0     0     0     
     0     0     0     0     0     0     0     0     0     

A2   46    119   72    18    47    29    3     5     4     
     46    119   72    18    47    29    3     5     4     
     46    119   72    18    47    29    3     5     4     
     46    119   72    18    47    29    3     5     4     

bg   0     0     0     0     0     0     0     0     0     
     0     0     0     0     0     0     0     0     0     
     0     0     0     0     0     0     0     0     0     
     0     0     0     0     0     0     0     0     0     

A3   6     53    90    3     23    32    2     3     4     
     6     53    90    3     23    32    2     3     4     
     6     53    90    3     23    32    2     3     4     
     6     53    90    3     23    32    2     3     4     

bg   0     0     0     0     0     0     0     0     0     
     0     0     0     0     0     0     0     0     0     
     0     0     0     0     0     0     0     0     0     
     0     0     0     0     0     0     0     0     0     

B1   30    28    7     76    66    16    33    30    9     
     30    28    7     76    66    16    33    30    9     
     30    28    7     75    66    16    33    30    9     
     30    28    7     75    66    16    33    30    9     

bg   0     0     0     0     0     0     0     0     0     
     0     0     0     0     0     0     0     0     0     
     0     0     0     0     0     0     0     0     0     
     0     0     0     0     0     0     0     0     0     

B2   19    46    30    42    119   73    19    42    29    
     19    46    30    42    119   73    19    42    29    
     19    46    30    42    119   73    19    42    29    
     19    46    30    42    118   73    19    42    29    

bg   0     0     0     0     0     0     0     0     0     
     0     0     0     0     0     0     0     0     0     
     0     0     0     0     0     0     0     0     0     
     0     0     0     0     0     0     0     0     0     

B3   3     23    34    6     58    90    4     26    40    
     3     24    34    6     58    90    4     26    40    
     3     24    34    6     58    89    4     26    40    
     3     24    34    6     58    89    4     26    40    

bg   0     0     0     0     0     0     0     0     0     
     0     0     0     0     0     0     0     0     0     
     0     0     0     0     0     0     0     0     0     
     0     0     0     0     0     0     0     0     0     

C1   4     4     2     33    31    11    83    78    20    
     4     4     2     33    31    11    83    78    20    
     3     4     2     33    31    11    83    78    20    
     4     4     2     33    31    11    83    78    20    

bg   0     0     0     0     0     0     0     0     0     
     0     0     0     0     0     0     0     0     0     
     0     0     0     0     0     0     0     0     0     
     0     0     0     0     0     0     0     0     0     

C2   2     4     3     19    44    32    51    124   72    
     2     4     3     19    44    32    51    123   72    
     2     4     3     19    44    32    51    123   72    
     2     4     3     19    44    32    51    123   72    

bg   0     0     0     0     0     0     0     0     0     
     0     0     0     0     0     0     0     0     0     
     0     0     0     0     0     0     0     0     0     
     0     0     0     0     0     0     0     0     0     

C3   1     3     4     3     22    36    6     55    88    
     1     3     4     3     22    36    6     55    88    
     1     3     4     3     22    36    6     55    88    
     1     3     4     3     23    36    6     55    88    

bg   0     0     0     0     0     0     0     0     0     
     0     0     0     0     0     0     0     0     0     
     0     0     0     0     0     0     0     0     0     
     0     0     0     0     0     0     0     0     0     


Trial #2-------------------------

     A1    A2    A3    B1    B2    B3    C1    C2    C3    

A1   80    72    17    30    28    8     4     3     2     
     80    72    17    30    28    8     4     3     2     
     80    72    17    30    28    8     4     3     2     
     79    72    17    30    28    8     4     3     2     

bg   0     0     0     0     0     0     0     0     0     
     0     0     0     0     0     0     0     0     0     
     0     0     0     0     0     0     0     0     0     
     0     0     0     0     0     0     0     0     0     

A2   46    120   72    18    47    29    3     5     4     
     46    120   72    18    47    29    3     5     4     
     46    120   72    18    47    29    3     5     4     
     46    119   72    18    47    29    3     5     4     

bg   0     0     0     0     0     0     0     0     0     
     0     0     0     0     0     0     0     0     0     
     0     0     0     0     0     0     0     0     0     
     0     0     0     0     0     0     0     0     0     

A3   6     53    90    3     23    32    2     3     4     
     6     53    89    3     23    32    2     3     4     
     6     53    89    3     23    32    2     3     4     
     6     53    89    3     23    32    2     3     4     

bg   0     0     0     0     0     0     0     0     0     
     0     0     0     0     0     0     0     0     0     
     0     0     0     0     0     0     0     0     0     
     0     0     0     0     0     0     0     0     0     

B1   30    28    8     75    66    16    33    30    9     
     30    28    8     75    66    16    33    30    9     
     30    28    8     75    66    16    33    30    9     
     30    28    8     75    66    16    33    30    9     

bg   0     0     0     0     0     0     0     0     0     
     0     0     0     0     0     0     0     0     0     
     0     0     0     0     0     0     0     0     0     
     0     0     0     0     0     0     0     0     0     

B2   19    46    30    42    119   73    19    42    29    
     19    46    30    42    119   73    19    42    29    
     19    46    30    42    119   73    19    42    29    
     19    46    30    42    118   73    19    42    29    

bg   0     0     0     0     0     0     0     0     0     
     0     0     0     0     0     0     0     0     0     
     0     0     0     0     0     0     0     0     0     
     0     0     0     0     0     0     0     0     0     

B3   4     24    34    6     58    89    4     26    40    
     4     24    34    6     58    89    4     26    40    
     4     24    34    6     58    89    4     26    40    
     3     24    34    6     58    89    4     26    40    

bg   0     0     0     0     0     0     0     0     0     
     0     0     0     0     0     0     0     0     0     
     0     0     0     0     0     0     0     0     0     
     0     0     0     0     0     0     0     0     0     

C1   4     4     2     33    31    11    83    78    21    
     4     4     2     33    31    11    83    78    20    
     4     4     2     33    31    11    84    78    20    
     4     4     2     33    31    11    84    78    20    

bg   0     0     0     0     0     0     0     0     0     
     0     0     0     0     0     0     0     0     0     
     0     0     0     0     0     0     0     0     0     
     0     0     0     0     0     0     0     0     0     

C2   2     4     3     19    44    32    51    124   72    
     2     4     3     19    44    32    51    124   72    
     2     4     3     19    44    32    51    123   72    
     2     4     3     19    44    32    51    123   72    

bg   0     0     0     0     0     0     0     0     0     
     0     0     0     0     0     0     0     0     0     
     0     0     0     0     0     0     0     0     0     
     0     0     0     0     0     0     0     0     0     

C3   1     3     4     3     22    36    6     55    88    
     1     3     4     3     23    36    6     55    88    
     1     3     4     3     23    36    6     55    88    
     1     3     4     3     23    36    6     55    88    

bg   0     0     0     0     0     0     0     0     0     
     0     0     0     0     0     0     0     0     0     
     0     0     0     0     0     0     0     0     0     
     0     0     0     0     0     0     0     0     0     


Trial #3-------------------------

     A1    A2    A3    B1    B2    B3    C1    C2    C3    

A1   80    72    17    30    28    8     4     3     2     
     80    72    17    30    28    8     4     3     2     
     79    72    17    30    28    8     4     3     2     
     79    72    17    30    28    8     4     3     2     

bg   0     0     0     0     0     0     0     0     0     
     0     0     0     0     0     0     0     0     0     
     0     0     0     0     0     0     0     0     0     
     0     0     0     0     0     0     0     0     0     

A2   46    120   73    18    47    29    3     5     4     
     46    120   72    18    47    29    3     5     4     
     46    120   72    18    47    29    3     5     4     
     46    120   72    18    47    29    3     5     4     

bg   0     0     0     0     0     0     0     0     0     
     0     0     0     0     0     0     0     0     0     
     0     0     0     0     0     0     0     0     0     
     0     0     0     0     0     0     0     0     0     

A3   6     53    89    3     23    32    2     3     4     
     6     53    89    3     23    32    2     3     4     
     6     53    89    3     23    32    2     3     4     
     6     53    89    3     23    32    2     3     4     

bg   0     0     0     0     0     0     0     0     0     
     0     0     0     0     0     0     0     0     0     
     0     0     0     0     0     0     0     0     0     
     0     0     0     0     0     0     0     0     0     

B1   29    27    7     75    65    16    33    30    9     
     29    28    7     75    65    16    33    30    9     
     29    28    7     75    65    16    33    30    9     
     29    28    7     75    65    16    33    30    9     

bg   0     0     0     0     0     0     0     0     0     
     0     0     0     0     0     0     0     0     0     
     0     0     0     0     0     0     0     0     0     
     0     0     0     0     0     0     0     0     0     

B2   19    46    30    42    119   73    19    42    29    
     19    46    30    42    119   73    19    42    29    
     19    46    30    42    118   73    19    42    29    
     19    46    30    42    118   73    19    42    29    

bg   0     0     0     0     0     0     0     0     0     
     0     0     0     0     0     0     0     0     0     
     0     0     0     0     0     0     0     0     0     
     0     0     0     0     0     0     0     0     0     

B3   3     24    34    6     58    90    4     26    40    
     4     24    35    6     58    90    4     26    40    
     4     24    35    6     58    90    4     26    40    
     3     24    35    6     58    90    4     26    40    

bg   0     0     0     0     0     0     0     0     0     
     0     0     0     0     0     0     0     0     0     
     0     0     0     0     0     0     0     0     0     
     0     0     0     0     0     0     0     0     0     

C1   3     4     2     33    31    11    83    78    20    
     3     4     2     33    31    11    83    78    20    
     3     4     2     33    30    11    83    77    20    
     3     4     2     33    30    11    82    77    20    

bg   0     0     0     0     0     0     0     0     0     
     0     0     0     0     0     0     0     0     0     
     0     0     0     0     0     0     0     0     0     
     0     0     0     0     0     0     0     0     0     

C2   2     4     3     19    45    32    51    124   72    
     2     4     3     19    45    32    51    124   72    
     2     4     3     19    45    32    51    124   72    
     2     4     3     19    45    32    51    124   72    

bg   0     0     0     0     0     0     0     0     0     
     0     0     0     0     0     0     0     0     0     
     0     0     0     0     0     0     0     0     0     
     0     0     0     0     0     0     0     0     0     

C3   1     3     4     3     22    36    6     55    88    
     1     3     4     3     22    36    6     55    88    
     1     3     4     3     22    36    6     55    88    
     1     3     4     3     22    36    6     55    87    

bg   0     0     0     0     0     0     0     0     0     
     0     0     0     0     0     0     0     0     0     
     0     0     0     0     0     0     0     0     0     
     0     0     0     0     0     0     0     0     0     


Trial #4-------------------------

     A1    A2    A3    B1    B2    B3    C1    C2    C3    

A1   80    72    17    30    28    8     4     3     2     
     79    72    17    30    28    8     4     3     2     
     79    72    17    30    28    8     4     3     2     
     79    72    17    30    28    8     4     3     2     

bg   0     0     0     0     0     0     0     0     0     
     0     0     0     0     0     0     0     0     0     
     0     0     0     0     0     0     0     0     0     
     0     0     0     0     0     0     0     0     0     

A2   46    120   73    19    47    29    3     5     4     
     46    120   73    19    47    29    3     5     4     
     46    120   72    18    47    29    3     5     4     
     46    120   72    18    47    29    3     5     4     

bg   0     0     0     0     0     0     0     0     0     
     0     0     0     0     0     0     0     0     0     
     0     0     0     0     0     0     0     0     0     
     0     0     0     0     0     0     0     0     0     

A3   6     53    89    3     23    32    2     3     4     
     6     53    89    3     23    32    2     3     4     
     6     53    89    3     23    32    2     3     4     
     6     53    89    3     23    32    2     3     4     

bg   0     0     0     0     0     0     0     0     0     
     0     0     0     0     0     0     0     0     0     
     0     0     0     0     0     0     0     0     0     
     0     0     0     0     0     0     0     0     0     

B1   30    28    7     75    66    16    33    30    9     
     30    28    7     75    66    16    33    30    9     
     30    28    7     75    66    16    33    30    9     
     30    28    7     75    66    16    33    30    9     

bg   0     0     0     0     0     0     0     0     0     
     0     0     0     0     0     0     0     0     0     
     0     0     0     0     0     0     0     0     0     
     0     0     0     0     0     0     0     0     0     

B2   19    46    30    42    119   73    19    42    29    
     19    46    30    42    119   73    19    42    29    
     19    46    30    42    119   73    19    42    29    
     19    46    30    42    118   73    19    42    29    

bg   0     0     0     0     0     0     0     0     0     
     0     0     0     0     0     0     0     0     0     
     0     0     0     0     0     0     0     0     0     
     0     0     0     0     0     0     0     0     0     

B3   3     23    34    6     58    90    4     26    40    
     3     23    34    6     57    90    4     26    40    
     3     23    34    6     57    89    4     26    40    
     3     24    34    6     57    89    4     26    40    

bg   0     0     0     0     0     0     0     0     0     
     0     0     0     0     0     0     0     0     0     
     0     0     0     0     0     0     0     0     0     
     0     0     0     0     0     0     0     0     0     

C1   3     4     2     33    31    11    83    78    20    
     3     4     2     33    31    11    83    77    20    
     3     4     2     33    31    11    82    77    20    
     3     4     2     33    30    11    82    77    20    

bg   0     0     0     0     0     0     0     0     0     
     0     0     0     0     0     0     0     0     0     
     0     0     0     0     0     0     0     0     0     
     0     0     0     0     0     0     0     0     0     

C2   2     4     3     19    44    32    51    123   72    
     2     4     3     19    44    32    51    123   72    
     2     4     3     19    44    32    51    123   71    
     2     4     3     19    44    32    50    123   71    

bg   0     0     0     0     0     0     0     0     0     
     0     0     0     0     0     0     0     0     0     
     0     0     0     0     0     0     0     0     0     
     0     0     0     0     0     0     0     0     0     

C3   1     3     4     3     22    36    6     55    88    
     1     3     4     3     22    36    6     55    88    
     1     3     4     3     22    36    6     55    88    
     1     3     4     3     22    36    6     55    88    

bg   0     0     0     0     0     0     0     0     0     
     0     0     0     0     0     0     0     0     0     
     0     0     0     0     0     0     0     0     0     
     0     0     0     0     0     0     0     0     0     


