Trial #13-------------------------

     A1    A2    A3    B1    B2    B3    C1    C2    C3    

A1   191   192   84    107   124   74    70    98    88    
     191   192   84    106   124   74    70    98    88    
     190   191   84    106   124   74    70    98    88    
     189   191   84    106   123   74    70    98    88    

bg   38    48    47    44    63    58    62    91    84    
     38    48    47    44    63    58    62    91    84    
     38    48    47    44    63    58    62    91    84    
     38    48    47    44    63    58    62    92    84    

A2   133   274   182   85    154   106   69    102   92    
     133   275   182   85    154   107   70    103   93    
     133   275   182   85    154   107   70    103   93    
     132   274   181   85    154   106   69    102   92    

bg   37    48    47    44    63    58    62    91    84    
     37    48    47    44    63    58    62    91    83    
     37    48    47    44    63    58    62    91    84    
     37    48    47    44    63    58    62    91    84    

A3   51    145   207   50    99    104   64    95    91    
     51    145   206   50    99    104   64    95    91    
     51    145   206   50    99    104   64    95    90    
     51    145   206   50    99    104   64    95    90    

bg   37    48    47    44    63    57    62    91    83    
     37    48    47    44    63    57    62    91    83    
     37    48    47    44    62    57    62    91    83    
     37    48    47    44    63    57    62    91    83    

B1   98    106   62    195   197   91    128   152   101   
     98    106   62    195   197   91    128   151   101   
     98    106   62    194   197   91    128   151   101   
     98    106   62    194   197   91    128   151   101   

bg   37    48    47    44    62    57    62    91    83    
     37    48    47    44    62    57    62    91    83    
     37    48    47    44    62    57    62    91    83    
     37    48    47    44    62    57    62    91    83    

B2   78    132   92    131   277   164   100   171   135   
     78    132   92    131   277   164   100   171   135   
     78    132   92    131   277   164   100   171   135   
     78    132   92    131   276   164   100   171   135   

bg   37    48    46    43    62    57    61    90    83    
     37    48    46    43    62    57    61    90    83    
     37    48    47    44    62    57    61    90    83    
     37    48    47    44    62    57    62    91    83    

B3   44    80    92    56    147   179   70    137   154   
     44    80    92    56    147   179   70    137   154   
     44    80    92    56    147   179   70    137   154   
     44    80    92    56    147   178   70    136   154   

bg   37    48    47    44    62    57    61    90    83    
     37    48    46    44    62    57    61    90    83    
     37    48    46    44    62    57    61    90    83    
     37    48    46    44    62    57    61    90    83    

C1   44    55    50    110   124   78    227   246   124   
     44    55    50    110   124   78    227   246   124   
     44    55    50    110   124   78    226   246   124   
     44    55    50    110   124   78    226   245   124   

bg   37    48    47    44    62    57    62    91    83    
     37    48    47    44    62    57    62    91    83    
     37    48    47    44    62    57    62    90    83    
     37    48    46    44    62    57    61    90    83    

C2   42    55    52    84    152   120   166   342   230   
     42    55    52    84    152   120   166   342   230   
     42    55    52    84    152   120   165   342   230   
     42    55    52    84    152   120   165   341   230   

bg   37    48    46    43    62    57    61    90    83    
     37    48    46    43    62    57    61    90    83    
     37    48    46    44    62    57    61    90    83    
     37    48    46    43    62    57    61    90    83    

C3   40    52    53    50    104   123   73    198   255   
     40    52    52    50    104   123   73    198   255   
     40    52    52    50    104   123   73    197   255   
     40    52    52    50    104   123   73    197   254   

bg   37    47    46    43    62    57    61    90    83    
     37    47    46    43    62    57    61    90    82    
     37    47    46    43    62    57    61    90    82    
     37    47    46    43    62    57    61    90    82    


Trial #14-------------------------

     A1    A2    A3    B1    B2    B3    C1    C2    C3    

A1   192   192   84    106   123   73    70    97    87    
     191   192   83    106   123   73    70    97    87    
     190   191   83    105   123   73    70    97    87    
     189   191   83    105   123   73    70    97    87    

bg   37    48    46    43    62    57    61    90    83    
     37    47    46    43    62    57    61    90    83    
     37    47    46    43    62    57    61    90    82    
     37    47    46    43    62    57    61    90    82    

A2   131   273   181   83    152   104   67    98    89    
     131   273   180   83    152   104   67    99    89    
     131   273   180   83    152   104   67    99    89    
     131   272   180   83    151   104   67    98    89    

bg   37    47    46    43    62    57    61    89    82    
     37    47    46    43    62    57    61    89    82    
     37    47    46    43    61    56    61    89    82    
     37    47    46    43    61    56    61    89    82    

A3   50    145   206   49    99    103   63    94    89    
     50    145   206   49    99    104   63    94    89    
     50    145   206   49    99    103   63    94    89    
     50    144   205   49    99    103   63    94    89    

bg   37    47    46    43    62    57    61    89    82    
     37    47    46    43    62    57    61    89    82    
     37    47    46    43    62    57    61    89    82    
     37    47    46    43    62    57    61    89    82    

B1   98    106   62    195   197   90    128   151   100   
     98    106   62    195   197   90    128   151   100   
     98    106   62    194   197   90    128   151   100   
     98    106   62    194   196   90    127   150   100   

bg   36    47    46    43    61    56    60    89    81    
     36    47    46    43    61    56    60    89    82    
     36    47    46    43    61    56    60    89    81    
     36    47    46    43    61    56    60    89    81    

B2   78    131   91    131   277   163   99    169   134   
     78    131   91    131   276   163   99    169   134   
     78    132   91    131   275   163   99    169   134   
     78    131   91    130   275   163   99    169   134   

bg   36    47    46    43    61    56    60    89    81    
     36    47    46    43    61    56    60    89    81    
     36    47    46    43    61    56    60    89    81    
     36    47    46    43    61    56    60    89    81    

B3   43    78    91    55    145   178   68    135   152   
     43    78    91    55    145   177   68    134   152   
     43    78    91    55    145   177   68    134   151   
     43    78    90    55    145   176   68    134   151   

bg   36    46    45    42    60    55    59    87    80    
     36    46    45    42    60    55    59    87    80    
     36    46    45    42    60    55    59    87    80    
     36    46    45    42    60    55    59    87    80    

C1   43    53    49    109   121   76    224   243   121   
     43    54    49    109   122   76    224   243   122   
     43    54    50    109   123   77    225   243   123   
     44    54    50    109   123   77    224   243   123   

bg   36    46    45    42    61    56    60    88    81    
     36    46    45    42    60    56    60    88    81    
     36    46    45    42    60    56    60    88    80    
     36    46    45    42    60    56    60    88    80    

C2   41    54    50    82    150   118   163   338   227   
     41    54    50    82    150   118   163   338   226   
     41    54    50    82    150   118   163   337   226   
     41    54    50    82    150   118   163   337   226   

bg   36    46    45    42    60    55    59    87    80    
     36    46    45    42    60    55    59    87    80    
     36    46    45    42    60    55    59    87    80    
     36    46    45    42    60    55    59    87    80    

C3   39    51    51    48    102   122   72    195   253   
     39    51    51    48    103   122   72    195   253   
     39    51    51    48    103   122   72    195   252   
     39    51    51    48    103   122   72    195   252   

bg   36    46    45    42    60    55    59    87    80    
     36    46    45    42    60    55    59    87    80    
     36    46    45    42    60    55    59    87    80    
     36    46    45    42    60    55    59    87    80    


Trial #15-------------------------

     A1    A2    A3    B1    B2    B3    C1    C2    C3    

A1   191   191   82    105   122   72    68    94    84    
     190   191   82    105   121   72    68    94    84    
     189   190   82    105   121   72    68    94    84    
     188   189   82    104   121   72    68    94    84    

bg   36    46    45    42    60    55    59    87    80    
     36    46    45    42    60    55    59    87    80    
     36    46    45    42    60    55    59    87    80    
     36    46    45    42    60    55    59    87    80    

A2   130   271   178   82    149   102   65    95    86    
     130   270   178   82    149   102   65    95    86    
     130   270   178   82    149   102   65    95    86    
     129   269   177   81    149   102   65    95    86    

bg   36    46    45    42    60    55    59    87    80    
     36    46    45    42    60    55    59    87    80    
     36    46    45    42    60    55    59    87    80    
     36    46    45    42    60    55    59    87    80    

A3   49    143   205   48    97    102   62    91    87    
     49    143   205   48    97    102   61    91    87    
     49    143   204   48    97    102   61    91    87    
     49    143   204   48    97    102   61    91    87    

bg   36    46    45    42    60    55    59    87    80    
     36    46    45    42    60    55    59    86    79    
     36    46    45    42    60    55    59    86    79    
     36    46    45    42    60    55    59    87    79    

B1   97    105   61    194   196   89    126   148   97    
     97    105   61    194   196   89    126   148   97    
     97    105   61    194   195   89    126   148   97    
     97    105   61    193   195   89    126   148   97    

bg   35    46    44    42    59    55    59    86    79    
     35    46    44    42    60    55    59    86    79    
     36    46    45    42    60    55    59    87    79    
     36    46    45    42    60    55    59    87    79    

B2   77    130   90    130   275   162   98    167   132   
     77    131   90    130   275   162   98    167   132   
     77    130   90    130   274   162   98    167   132   
     77    131   90    129   274   162   98    167   132   

bg   36    46    45    42    60    55    59    87    79    
     36    46    45    42    60    55    59    87    79    
     36    46    45    42    60    55    59    87    79    
     36    46    45    42    60    55    59    87    80    

B3   43    78    90    54    145   177   68    134   151   
     43    78    90    54    144   177   67    133   151   
     43    78    90    54    144   176   67    133   151   
     43    77    90    54    144   176   67    132   150   

bg   35    45    44    41    59    55    59    86    79    
     35    45    44    42    59    54    59    86    79    
     35    45    44    41    59    54    58    86    79    
     35    45    44    41    59    54    58    86    79    

C1   42    52    48    108   121   75    224   241   120   
     42    53    48    108   121   75    223   241   120   
     42    53    48    108   121   75    223   241   120   
     42    53    48    108   121   75    223   241   120   

bg   35    45    44    42    59    55    59    86    79    
     35    45    44    42    59    55    59    86    79    
     35    45    44    42    59    55    59    86    79    
     35    45    44    42    59    55    59    86    79    

C2   40    53    50    82    149   117   163   338   226   
     40    53    50    82    149   117   163   337   226   
     41    53    50    82    149   117   163   337   226   
     40    53    50    82    149   117   162   337   226   

bg   36    46    45    42    60    55    59    87    79    
     36    46    45    42    60    55    59    87    80    
     36    46    45    42    60    55    59    87    80    
     36    46    44    42    60    55    59    86    79    

C3   38    50    51    48    102   121   71    194   253   
     38    50    51    48    102   121   71    194   252   
     38    50    51    48    102   121   71    194   252   
     38    50    51    48    102   121   71    194   252   

bg   35    45    44    41    59    54    58    86    79    
     35    45    44    41    59    54    59    86    79    
     35    45    44    42    59    54    59    86    79    
     35    45    44    42    59    55    59    86    79    


Trial #16-------------------------

     A1    A2    A3    B1    B2    B3    C1    C2    C3    

A1   191   191   82    105   121   71    67    93    83    
     190   190   82    104   121   71    67    93    83    
     189   190   82    104   121   71    67    93    83    
     188   189   82    104   121   71    67    93    83    

bg   35    45    44    42    59    54    59    86    79    
     35    45    44    42    59    54    59    86    79    
     35    45    44    41    59    54    58    86    79    
     35    45    44    41    59    54    58    86    79    

A2   130   271   178   81    149   102   65    94    85    
     129   270   178   81    149   102   65    94    85    
     129   270   177   81    148   102   64    94    85    
     129   270   177   81    148   102   65    94    85    

bg   36    46    44    42    60    55    59    86    79    
     36    46    44    42    60    55    59    86    79    
     35    46    44    42    60    55    59    86    79    
     35    46    44    42    59    55    59    86    79    

A3   49    142   204   48    96    101   61    90    86    
     49    142   204   48    96    101   61    90    86    
     49    142   204   48    96    101   61    90    86    
     49    142   203   48    96    101   61    90    86    

bg   35    45    44    41    59    54    58    86    79    
     35    45    44    41    59    54    59    86    79    
     35    45    44    41    59    54    59    86    79    
     35    45    44    41    59    54    58    86    79    

B1   96    104   60    192   194   88    125   147   97    
     96    104   60    192   194   88    125   147   96    
     96    104   60    192   193   87    125   146   96    
     96    104   60    192   193   87    125   146   96    

bg   35    45    44    41    59    54    58    86    79    
     35    45    44    41    59    54    58    86    79    
     35    45    44    41    59    54    58    86    79    
     35    45    44    41    59    54    58    86    78    

B2   76    130   90    129   275   162   97    167   131   
     77    130   90    129   274   162   97    167   131   
     77    130   90    129   274   162   97    167   132   
     77    131   91    130   274   162   98    167   132   

bg   36    46    45    42    60    55    59    87    80    
     36    46    45    42    60    55    59    87    79    
     35    46    44    42    59    55    59    86    79    
     35    45    44    42    59    55    59    86    79    

B3   42    77    90    54    144   176   67    132   150   
     42    77    90    54    144   176   67    132   150   
     42    77    90    54    144   176   67    132   150   
     42    77    90    54    144   176   67    132   150   

bg   35    46    44    42    60    55    59    86    79    
     35    45    44    42    59    55    58    86    79    
     35    45    44    41    59    54    58    86    79    
     35    45    44    41    59    54    58    85    78    

C1   42    52    48    108   121   75    224   241   120   
     42    52    48    108   121   75    223   241   120   
     42    52    48    108   121   75    223   241   120   
     42    52    47    108   120   75    223   240   119   

bg   35    45    44    41    59    54    58    85    79    
     35    45    44    41    59    54    58    86    79    
     35    45    44    41    59    54    58    86    79    
     35    45    44    41    59    54    58    86    79    

C2   40    53    50    82    150   117   163   338   226   
     40    53    50    82    149   117   163   338   226   
     40    53    49    82    149   117   162   337   226   
     40    53    49    82    149   117   162   337   225   

bg   35    45    44    41    59    54    58    85    78    
     35    45    44    41    59    54    58    85    78    
     35    45    44    41    59    54    58    86    79    
     35    45    44    41    59    54    58    86    79    

C3   38    50    50    48    101   121   71    194   251   
     38    50    50    48    101   121   71    194   251   
     38    50    50    48    101   121   71    193   251   
     38    50    50    48    102   121   71    193   250   

bg   35    45    44    41    59    54    58    86    78    
     35    45    44    41    59    54    58    86    78    
     35    45    44    41    59    54    58    85    78    
     35    45    44    41    59    54    58    85    78    

